2019-05-01 23:03:08  795 239 23 3 1 0 417 136 7 1 0 0 
2019-05-01 23:03:35  720 204 11 0 0 0 431 141 6 1 0 0 
2019-05-01 23:04:35  777 216 15 1 0 0 436 151 4 0 0 0 
2019-05-01 23:05:35  678 206 18 1 0 0 422 136 3 1 0 0 
2019-05-01 23:06:35  750 228 17 1 0 0 442 148 3 0 0 0 
2019-05-01 23:07:35  720 213 16 1 1 0 446 143 4 0 0 0 
2019-05-01 23:08:35  744 226 25 1 0 0 425 149 4 0 0 0 
2019-05-01 23:09:35  702 204 14 1 0 0 465 153 4 1 0 0 
2019-05-01 23:10:35  864 247 23 3 1 0 449 147 4 0 0 0 
2019-05-01 23:11:35  696 189 13 1 0 0 445 146 2 1 0 0 
2019-05-01 23:12:35  708 203 15 1 1 0 434 150 5 0 0 0 
2019-05-01 23:13:35  699 207 15 1 0 0 420 149 3 1 0 0 
2019-05-01 23:14:35  798 239 20 0 0 0 432 140 6 1 0 0 
2019-05-01 23:15:35  699 204 19 1 0 0 456 155 5 0 0 0 
2019-05-01 23:16:35  687 203 19 1 0 0 429 147 4 0 0 0 
2019-05-01 23:17:35  663 195 9 0 0 0 434 139 5 2 0 0 
2019-05-01 23:18:35  732 216 17 1 0 0 451 159 7 0 0 0 
2019-05-01 23:19:35  777 232 13 0 0 0 420 149 2 0 0 0 
2019-05-01 23:20:35  732 226 19 2 1 0 436 156 3 1 0 0 
2019-05-01 23:21:35  810 239 13 2 1 0 426 139 5 0 0 0 
2019-05-01 23:22:35  693 201 16 1 0 0 432 158 5 1 0 0 
2019-05-01 23:23:39  588 171 15 0 0 0 440 146 3 0 0 0 
2019-05-01 23:24:39  840 243 23 1 0 0 420 153 5 0 0 0 
2019-05-01 23:25:35  735 205 8 0 0 0 433 158 6 0 0 0 
2019-05-01 23:26:35  666 200 27 1 0 0 433 146 2 1 0 0 
2019-05-01 23:27:35  741 222 11 0 0 0 417 143 5 0 0 0 
2019-05-01 23:28:35  825 236 20 4 2 0 437 151 5 0 0 0 
2019-05-01 23:29:35  819 231 16 2 1 0 451 156 4 1 0 0 
2019-05-01 23:30:35  738 214 13 2 0 0 480 172 6 0 0 0 
2019-05-01 23:31:35  720 210 11 0 0 0 457 157 3 0 0 0 
2019-05-01 23:32:35  786 233 12 4 2 0 456 146 4 0 0 0 
2019-05-01 23:33:35  648 200 15 0 0 0 443 154 4 0 0 0 
2019-05-01 23:34:35  744 215 16 1 1 0 420 148 5 0 0 0 
2019-05-01 23:35:35  777 226 17 2 0 0 442 157 4 0 0 0 
2019-05-01 23:36:35  750 215 12 1 0 0 421 140 4 0 0 0 
2019-05-01 23:37:39  732 209 12 0 0 0 439 153 2 0 0 0 
2019-05-01 23:38:35  837 247 33 2 1 0 427 151 6 0 0 0 
2019-05-01 23:39:35  648 185 13 2 0 0 443 151 2 0 0 0 
2019-05-01 23:40:35  813 233 17 2 0 0 443 144 3 0 0 0 
2019-05-01 23:41:35  720 214 19 5 1 1 445 154 2 1 0 0 
2019-05-01 23:42:35  708 210 19 0 0 0 437 133 3 0 0 0 
2019-05-01 23:43:35  792 233 21 0 0 0 460 137 4 0 0 0 
2019-05-01 23:44:35  666 193 14 1 1 0 407 140 3 1 0 0 
2019-05-01 23:45:35  837 257 27 2 0 0 446 151 6 1 0 0 
2019-05-01 23:46:35  876 259 17 0 0 0 425 143 6 0 0 0 
2019-05-01 23:47:35  639 188 25 2 2 1 447 148 5 1 0 0 
2019-05-01 23:48:35  681 201 15 0 0 0 435 146 5 1 0 0 
2019-05-01 23:49:35  669 187 12 0 0 0 428 137 3 0 0 0 
2019-05-01 23:50:35  714 210 16 1 0 0 442 143 3 1 0 0 
2019-05-01 23:51:35  828 237 15 2 1 1 429 150 4 0 0 0 
2019-05-01 23:52:35  900 274 24 3 2 0 446 155 2 0 0 0 
2019-05-01 23:53:35  669 183 13 0 0 0 451 144 3 0 0 0 
2019-05-01 23:54:35  753 226 29 3 2 0 420 145 1 0 0 0 
2019-05-01 23:55:35  696 196 8 1 0 0 427 154 7 2 0 0 
2019-05-01 23:56:35  762 220 15 1 1 0 430 161 6 1 0 0 
2019-05-01 23:57:35  702 207 17 1 0 0 450 148 2 0 0 0 
2019-05-01 23:58:35  774 231 18 4 4 0 432 146 7 2 0 0 
2019-05-01 23:59:35  735 224 14 1 0 0 447 140 5 0 0 0 
2019-05-02  0:00:35  687 201 6 0 0 0 451 154 4 0 0 0 
2019-05-02  0:01:35  819 236 21 0 0 0 443 140 7 0 0 0 
2019-05-02  0:02:35  738 222 11 1 0 0 427 145 4 0 0 0 
2019-05-02  0:03:35  876 253 21 2 0 0 426 148 3 0 0 0 
2019-05-02  0:04:35  801 227 17 2 0 0 449 148 1 0 0 0 
2019-05-02  0:05:35  756 212 13 3 2 0 452 151 3 0 0 0 
2019-05-02  0:06:35  717 207 14 0 0 0 442 144 4 0 0 0 
2019-05-02  0:07:35  663 195 21 1 0 0 434 145 6 1 0 0 
2019-05-02  0:08:35  759 228 17 1 0 0 427 150 3 1 0 0 
2019-05-02  0:09:35  771 219 25 1 0 0 463 160 3 0 0 0 
2019-05-02  0:10:35  828 230 20 1 1 0 430 128 1 0 0 0 
2019-05-02  0:11:35  825 248 27 1 0 0 433 147 2 0 0 0 
2019-05-02  0:12:35  885 250 27 4 3 0 451 141 4 0 0 0 
2019-05-02  0:13:35  810 237 18 1 1 0 461 159 3 0 0 0 
2019-05-02  0:14:35  597 169 13 0 0 0 434 149 4 0 0 0 
2019-05-02  0:15:35  705 203 11 0 0 0 442 143 4 0 0 0 
2019-05-02  0:16:35  753 222 9 1 1 1 452 149 3 0 0 0 
2019-05-02  0:17:39  708 215 20 1 1 0 429 147 5 1 0 0 
2019-05-02  0:18:39  762 226 14 1 0 0 449 146 4 0 0 0 
2019-05-02  0:19:35  693 204 24 0 0 0 441 151 2 0 0 0 
2019-05-02  0:20:35  681 187 11 1 0 0 451 156 2 0 0 0 
2019-05-02  0:21:35  693 189 16 0 0 0 449 156 5 0 0 0 
2019-05-02  0:22:35  678 200 15 1 1 0 449 150 4 0 0 0 
2019-05-02  0:23:35  789 226 25 2 1 0 463 158 4 0 0 0 
2019-05-02  0:24:35  687 198 13 0 0 0 440 154 7 1 0 0 
2019-05-02  0:25:35  642 179 14 1 1 0 435 150 6 1 0 0 
2019-05-02  0:26:38  747 216 25 0 0 0 449 157 3 0 0 0 
2019-05-02  0:27:35  714 204 13 0 0 0 440 142 4 0 0 0 
2019-05-02  0:28:35  888 266 18 1 1 0 460 152 3 0 0 0 
2019-05-02  0:29:35  819 242 27 2 1 0 419 145 3 0 0 0 
2019-05-02  0:30:35  627 173 17 0 0 0 447 145 5 0 0 0 
2019-05-02  0:31:35  654 194 19 2 1 0 429 152 3 0 0 0 
2019-05-02  0:32:35  795 232 20 1 1 0 436 153 5 1 0 0 
2019-05-02  0:33:35  723 200 19 1 0 0 429 151 4 0 0 0 
2019-05-02  0:34:35  654 189 13 1 1 1 469 159 5 0 0 0 
2019-05-02  0:35:35  690 210 15 3 1 0 440 144 4 1 0 0 
2019-05-02  0:36:35  741 230 19 2 2 0 441 147 7 0 0 0 
2019-05-02  0:37:35  750 220 23 2 1 0 436 137 1 0 0 0 
2019-05-02  0:38:35  810 232 22 0 0 0 478 157 5 1 0 0 
2019-05-02  0:39:35  963 287 19 3 1 0 434 149 4 1 0 0 
2019-05-02  0:40:35  735 217 25 0 0 0 447 151 3 0 0 0 
2019-05-02  0:41:35  705 208 14 3 2 0 432 137 3 1 0 0 
2019-05-02  0:42:35  774 228 12 1 1 0 419 145 2 0 0 0 
2019-05-02  0:43:39  867 246 22 0 0 0 460 154 1 0 0 0 
2019-05-02  0:44:35  741 218 26 2 1 0 439 144 6 1 0 0 
2019-05-02  0:45:35  705 204 9 1 0 0 459 146 2 1 0 0 
2019-05-02  0:46:35  843 245 21 0 0 0 430 151 4 0 0 0 
2019-05-02  0:47:35  711 210 16 0 0 0 443 148 2 0 0 0 
2019-05-02  0:48:35  741 220 20 2 1 0 436 159 5 1 0 0 
2019-05-02  0:49:35  741 209 14 1 0 0 436 153 6 0 0 0 
2019-05-02  0:50:35  804 231 22 3 1 0 440 153 6 1 0 0 
2019-05-02  0:51:38  753 211 32 1 1 1 443 143 4 0 0 0 
2019-05-02  0:52:35  753 223 15 2 1 1 458 150 4 0 0 0 
2019-05-02  0:53:35  738 210 21 0 0 0 465 153 3 0 0 0 
2019-05-02  0:54:35  810 236 11 2 1 1 458 143 2 0 0 0 
2019-05-02  0:55:35  795 232 28 3 3 0 449 153 4 0 0 0 
2019-05-02  0:56:35  825 247 14 0 0 0 445 137 4 1 0 0 
2019-05-02  0:57:35  789 217 13 0 0 0 443 149 4 0 0 0 
2019-05-02  0:58:35  876 243 17 2 0 0 453 150 8 2 0 0 
2019-05-02  0:59:35  966 281 23 4 1 0 459 157 4 1 0 0 
2019-05-02  1:00:35  744 221 17 0 0 0 442 145 4 0 0 0 
2019-05-02  1:01:35  738 215 20 1 0 0 439 148 3 0 0 0 
2019-05-02  1:02:35  738 205 23 0 0 0 475 159 3 0 0 0 
2019-05-02  1:03:35  864 250 21 2 0 0 466 167 8 3 0 0 
2019-05-02  1:04:35  753 209 13 3 0 0 457 156 2 0 0 0 
2019-05-02  1:05:35  750 216 19 2 0 0 439 150 2 1 0 0 
2019-05-02  1:06:35  669 195 11 2 2 0 458 147 4 0 0 0 
2019-05-02  1:07:35  822 246 18 0 0 0 452 155 3 1 0 0 
2019-05-02  1:08:35  843 243 25 3 2 0 434 146 4 0 0 0 
2019-05-02  1:09:35  699 199 17 1 1 0 435 145 1 0 0 0 
2019-05-02  1:10:35  807 237 23 2 0 0 445 156 1 0 0 0 
2019-05-02  1:11:35  780 219 27 0 0 0 477 158 2 0 0 0 
2019-05-02  1:12:35  687 197 16 2 2 0 445 149 4 0 0 0 
2019-05-02  1:13:35  798 230 21 0 0 0 490 182 5 0 0 0 
2019-05-02  1:14:35  750 222 21 2 1 0 484 154 5 0 0 0 
2019-05-02  1:15:35  675 195 11 2 2 0 457 152 5 1 0 0 
2019-05-02  1:16:35  828 241 14 2 0 0 459 159 4 0 0 0 
2019-05-02  1:17:35  702 201 11 1 0 0 435 145 3 0 0 0 
2019-05-02  1:18:35  801 235 21 2 2 0 481 146 3 0 0 0 
2019-05-02  1:19:35  819 246 21 1 0 0 446 132 4 0 0 0 
2019-05-02  1:20:35  675 189 15 1 0 0 480 166 7 2 0 0 
2019-05-02  1:21:35  735 211 14 1 0 0 451 153 6 0 0 0 
2019-05-02  1:22:35  690 213 11 0 0 0 459 150 2 0 0 0 
2019-05-02  1:23:35  693 186 24 1 0 0 464 150 5 0 0 0 
2019-05-02  1:24:35  738 212 7 0 0 0 468 147 1 0 0 0 
2019-05-02  1:25:35  690 206 13 2 1 0 470 160 3 0 0 0 
2019-05-02  1:26:35  978 282 30 1 0 0 469 170 5 1 0 0 
2019-05-02  1:27:35  915 271 21 1 0 0 478 162 3 0 0 0 
2019-05-02  1:28:39  741 218 15 1 1 0 457 142 4 0 0 0 
2019-05-02  1:29:35  825 241 19 1 1 0 456 154 5 0 0 0 
2019-05-02  1:30:35  738 224 19 3 1 0 468 167 4 0 0 0 
2019-05-02  1:31:35  771 228 13 0 0 0 456 149 5 1 0 0 
2019-05-02  1:32:35  891 263 28 2 2 0 481 163 7 1 0 0 
2019-05-02  1:33:35  792 237 15 0 0 0 447 144 7 1 0 0 
2019-05-02  1:34:35  852 242 18 3 2 0 465 162 4 1 0 0 
2019-05-02  1:35:35  657 196 9 0 0 0 461 154 7 1 0 0 
2019-05-02  1:36:35  825 224 21 1 1 0 441 150 5 0 0 0 
2019-05-02  1:37:35  813 240 29 1 1 0 476 161 5 0 0 0 
2019-05-02  1:38:39  822 242 24 2 1 0 468 151 4 0 0 0 
2019-05-02  1:39:35  795 233 21 2 1 0 489 172 3 0 0 0 
2019-05-02  1:40:35  864 254 18 2 1 0 443 167 4 1 0 0 
2019-05-02  1:41:35  771 227 18 2 0 0 470 156 6 0 0 0 
2019-05-02  1:42:35  825 249 26 1 0 0 475 179 3 0 0 0 
2019-05-02  1:43:35  762 211 15 0 0 0 461 146 4 0 0 0 
2019-05-02  1:44:35  771 215 22 2 0 0 484 168 5 0 0 0 
2019-05-02  1:45:35  786 227 16 2 0 0 424 142 3 1 0 0 
2019-05-02  1:46:35  840 239 8 0 0 0 463 165 4 0 0 0 
2019-05-02  1:47:35  792 240 26 2 1 0 487 167 2 0 0 0 
2019-05-02  1:48:35  708 211 18 1 0 0 439 141 3 0 0 0 
2019-05-02  1:49:39  753 220 13 1 1 1 464 149 4 0 0 0 
2019-05-02  1:50:35  810 234 17 4 1 0 431 147 5 0 0 0 
2019-05-02  1:51:35  789 227 22 1 0 0 449 160 4 0 0 0 
2019-05-02  1:52:35  912 263 29 4 2 0 440 140 5 0 0 0 
2019-05-02  1:53:35  684 207 15 1 1 0 454 153 3 1 0 0 
2019-05-02  1:54:35  792 233 21 0 0 0 471 159 3 0 0 0 
2019-05-02  1:55:35  891 258 14 1 0 0 489 162 3 0 0 0 
2019-05-02  1:56:39  849 257 22 1 1 0 494 172 4 1 0 0 
2019-05-02  1:57:35  810 234 17 3 1 0 466 148 5 1 0 0 
2019-05-02  1:58:35  741 220 13 1 0 0 431 155 5 0 0 0 
2019-05-02  1:59:35  804 244 37 2 1 0 508 175 5 1 0 0 
2019-05-02  2:00:35  783 233 19 1 0 0 501 168 2 0 0 0 
2019-05-02  2:01:35  747 220 14 1 0 0 465 158 6 1 0 0 
2019-05-02  2:02:35  756 221 12 0 0 0 480 158 6 0 0 0 
2019-05-02  2:03:35  708 221 19 0 0 0 452 164 5 0 0 0 
2019-05-02  2:04:35  762 226 25 2 1 0 463 149 4 0 0 0 
2019-05-02  2:05:35  825 215 14 1 0 0 459 166 3 1 0 0 
2019-05-02  2:06:35  801 226 21 2 0 0 474 171 5 0 0 0 
2019-05-02  2:07:35  855 243 24 6 4 0 474 177 7 0 0 0 
2019-05-02  2:08:35  861 244 22 2 1 0 480 173 5 1 0 0 
2019-05-02  2:09:35  891 256 12 0 0 0 462 158 5 0 0 0 
2019-05-02  2:10:35  786 222 9 1 1 0 446 153 7 1 0 0 
2019-05-02  2:11:35  783 227 12 0 0 0 468 162 5 0 0 0 
2019-05-02  2:12:35  750 223 15 2 2 0 463 161 7 1 0 0 
2019-05-02  2:13:35  720 216 22 1 1 0 463 155 2 0 0 0 
2019-05-02  2:14:35  645 199 21 3 1 0 464 166 5 0 0 0 
2019-05-02  2:15:38  780 234 15 2 1 0 500 177 9 1 0 0 
2019-05-02  2:16:35  750 206 8 0 0 0 477 156 4 0 0 0 
2019-05-02  2:17:35  630 187 17 2 2 0 463 168 6 1 0 0 
2019-05-02  2:18:35  867 245 7 1 1 0 478 169 3 0 0 0 
2019-05-02  2:19:35  699 209 15 1 1 0 482 178 5 0 0 0 
2019-05-02  2:20:35  756 222 14 3 1 1 472 157 3 0 0 0 
2019-05-02  2:21:35  891 254 24 0 0 0 492 155 3 0 0 0 
2019-05-02  2:22:35  876 254 30 3 1 0 482 153 4 0 0 0 
2019-05-02  2:23:35  765 230 24 4 0 0 436 141 3 0 0 0 
2019-05-02  2:24:35  789 224 18 0 0 0 452 154 2 0 0 0 
2019-05-02  2:25:35  816 237 20 1 1 1 426 155 2 0 0 0 
2019-05-02  2:26:35  900 255 22 2 1 0 459 146 4 0 0 0 
2019-05-02  2:27:35  804 243 25 1 0 0 476 167 5 1 0 0 
2019-05-02  2:28:35  822 228 20 2 2 0 490 171 4 0 0 0 
2019-05-02  2:29:35  744 221 17 0 0 0 477 161 7 0 0 0 
2019-05-02  2:30:35  822 230 17 1 1 0 484 171 6 1 0 0 
2019-05-02  2:31:35  897 266 22 2 0 0 481 164 5 0 0 0 
2019-05-02  2:32:35  717 211 13 1 0 0 487 168 5 0 0 0 
2019-05-02  2:33:35  783 232 19 0 0 0 450 146 3 0 0 0 
2019-05-02  2:34:35  810 235 18 2 0 0 479 171 7 0 0 0 
2019-05-02  2:35:35  900 270 18 2 1 0 486 158 3 0 0 0 
2019-05-02  2:36:35  717 218 21 1 1 0 477 159 5 0 0 0 
2019-05-02  2:37:35  690 204 10 2 1 0 490 161 3 0 0 0 
2019-05-02  2:38:35  741 217 16 1 1 0 482 149 4 0 0 0 
2019-05-02  2:39:35  810 232 19 2 1 0 456 152 3 0 0 0 
2019-05-02  2:40:35  708 208 6 1 1 0 477 160 4 0 0 0 
2019-05-02  2:41:35  765 217 28 2 2 0 429 152 6 0 0 0 
2019-05-02  2:42:35  735 216 23 1 0 0 478 151 3 0 0 0 
2019-05-02  2:43:35  825 241 28 5 1 0 461 157 3 0 0 0 
2019-05-02  2:44:35  831 245 24 2 1 0 497 166 5 1 0 0 
2019-05-02  2:45:35  870 257 21 1 0 0 497 181 7 1 0 0 
2019-05-02  2:46:35  801 233 25 1 0 0 486 167 5 1 0 0 
2019-05-02  2:47:35  729 228 27 4 3 0 472 154 7 1 0 0 
2019-05-02  2:48:35  774 221 16 1 1 0 473 164 5 0 0 0 
2019-05-02  2:49:35  819 242 8 0 0 0 461 158 3 0 0 0 
2019-05-02  2:50:35  756 212 19 2 1 0 473 164 7 1 0 0 
2019-05-02  2:51:35  918 265 20 2 2 0 462 166 2 0 0 0 
2019-05-02  2:52:35  783 231 20 1 0 0 445 142 3 0 0 0 
2019-05-02  2:53:35  930 271 16 0 0 0 442 141 3 0 0 0 
2019-05-02  2:54:35  918 269 21 2 1 0 480 166 5 0 0 0 
2019-05-02  2:55:35  843 247 21 1 1 0 480 166 6 0 0 0 
2019-05-02  2:56:35  798 236 10 1 1 0 465 163 4 0 0 0 
2019-05-02  2:57:35  828 249 23 2 0 0 481 166 6 0 0 0 
2019-05-02  2:58:35  840 243 18 3 2 0 457 166 6 1 0 0 
2019-05-02  2:59:35  795 231 20 3 2 0 458 158 6 1 0 0 
2019-05-02  3:00:35  894 268 29 1 1 0 465 150 5 0 0 0 
2019-05-02  3:01:35  804 234 22 2 2 0 473 146 3 0 0 0 
2019-05-02  3:02:35  885 269 16 0 0 0 468 161 3 1 0 0 
2019-05-02  3:03:35  747 226 21 2 0 0 469 168 4 0 0 0 
2019-05-02  3:04:35  915 268 17 3 2 1 474 157 2 0 0 0 
2019-05-02  3:05:38  750 227 16 1 0 0 488 161 3 0 0 0 
2019-05-02  3:06:35  648 202 11 0 0 0 457 164 6 0 0 0 
2019-05-02  3:07:35  843 246 25 1 0 0 471 170 7 0 0 0 
2019-05-02  3:08:35  786 229 23 1 1 0 468 164 4 0 0 0 
2019-05-02  3:09:35  681 199 18 0 0 0 482 165 5 1 0 0 
2019-05-02  3:10:35  768 225 16 2 1 0 466 159 4 0 0 0 
2019-05-02  3:11:35  813 242 27 3 2 0 485 167 4 0 0 0 
2019-05-02  3:12:35  747 218 15 0 0 0 455 157 4 0 0 0 
2019-05-02  3:13:35  738 216 20 1 1 0 472 166 3 0 0 0 
2019-05-02  3:14:35  831 236 17 0 0 0 483 175 3 1 0 0 
2019-05-02  3:15:35  915 254 15 1 1 0 492 174 5 0 0 0 
2019-05-02  3:16:35  918 271 29 0 0 0 472 171 5 1 0 0 
2019-05-02  3:17:35  864 260 23 0 0 0 482 174 5 0 0 0 
2019-05-02  3:18:35  822 241 24 2 1 0 477 166 3 0 0 0 
2019-05-02  3:19:35  777 229 19 2 0 0 459 157 4 0 0 0 
2019-05-02  3:20:35  741 220 21 3 2 0 443 151 4 0 0 0 
2019-05-02  3:21:35  645 183 34 3 3 0 499 161 3 0 0 0 
2019-05-02  3:22:35  873 241 21 1 0 0 478 157 3 1 0 0 
2019-05-02  3:23:39  870 268 20 3 1 0 465 172 8 1 0 0 
2019-05-02  3:24:35  891 270 24 2 0 0 489 165 5 1 0 0 
2019-05-02  3:25:35  735 219 30 0 0 0 483 161 5 1 0 0 
2019-05-02  3:26:35  879 261 22 2 2 0 460 147 4 0 0 0 
2019-05-02  3:27:35  885 259 16 1 0 0 476 167 4 0 0 0 
2019-05-02  3:28:35  816 234 14 1 1 0 443 139 4 0 0 0 
2019-05-02  3:29:35  720 209 24 1 1 0 502 169 7 1 0 0 
2019-05-02  3:30:35  972 281 23 0 0 0 481 163 5 0 0 0 
2019-05-02  3:31:35  903 261 19 1 1 0 481 159 8 1 0 0 
2019-05-02  3:32:35  843 238 21 2 0 0 464 155 2 1 0 0 
2019-05-02  3:33:35  849 255 27 3 1 0 482 171 6 0 0 0 
2019-05-02  3:34:35  786 228 19 2 1 1 467 162 5 1 0 0 
2019-05-02  3:35:35  957 280 20 4 3 0 485 175 5 1 0 0 
2019-05-02  3:36:35  852 248 22 1 1 0 452 160 6 1 0 0 
2019-05-02  3:37:35  867 259 15 0 0 0 442 151 6 1 0 0 
2019-05-02  3:38:35  714 207 18 1 1 1 496 159 2 0 0 0 
2019-05-02  3:39:35  768 219 18 1 0 0 500 166 2 0 0 0 
2019-05-02  3:40:35  768 228 21 1 1 0 480 169 2 0 0 0 
2019-05-02  3:41:35  831 252 23 1 1 0 459 154 2 0 0 0 
2019-05-02  3:42:35  831 229 10 1 1 0 513 174 7 2 0 0 
2019-05-02  3:43:35  732 224 21 2 1 0 490 163 4 0 0 0 
2019-05-02  3:44:35  777 222 23 2 2 1 486 158 7 0 0 0 
2019-05-02  3:45:35  738 210 12 1 1 0 489 181 6 1 0 0 
2019-05-02  3:46:35  702 191 10 3 1 1 475 166 7 1 0 0 
2019-05-02  3:47:35  807 245 19 4 2 0 498 167 2 0 0 0 
2019-05-02  3:48:35  768 216 24 1 0 0 435 150 3 0 0 0 
2019-05-02  3:49:39  735 197 13 2 0 0 472 155 3 0 0 0 
2019-05-02  3:50:35  864 254 18 3 1 0 483 170 3 0 0 0 
2019-05-02  3:51:35  753 213 19 0 0 0 474 163 4 0 0 0 
2019-05-02  3:52:35  828 238 27 2 1 0 452 151 2 1 0 0 
2019-05-02  3:53:47  747 216 23 2 1 0 467 157 4 0 0 0 
2019-05-02  3:54:35  786 224 14 1 1 0 447 155 5 0 0 0 
2019-05-02  3:55:35  834 248 26 1 0 0 482 162 6 0 0 0 
2019-05-02  3:56:35  966 280 25 3 1 0 496 161 4 0 0 0 
2019-05-02  3:57:35  762 229 14 3 2 0 469 152 5 1 0 0 
2019-05-02  3:58:35  882 257 22 0 0 0 453 155 2 0 0 0 
2019-05-02  3:59:35  837 249 21 0 0 0 459 156 6 2 0 0 
2019-05-02  4:00:35  738 203 11 0 0 0 471 161 4 0 0 0 
2019-05-02  4:01:35  741 220 25 1 0 0 458 161 7 1 0 0 
2019-05-02  4:02:35  807 227 18 0 0 0 464 164 2 0 0 0 
2019-05-02  4:03:35  870 251 22 1 1 0 501 170 3 0 0 0 
2019-05-02  4:04:38  846 253 17 1 0 0 482 171 7 0 0 0 
2019-05-02  4:05:34  714 203 23 3 1 0 477 164 5 0 0 0 
2019-05-02  4:06:34  870 257 30 3 1 0 491 190 7 2 0 0 
2019-05-02  4:07:38  738 217 24 0 0 0 450 140 6 0 0 0 
2019-05-02  4:08:34  792 223 15 3 1 0 451 151 6 1 0 0 
2019-05-02  4:09:34  786 221 20 0 0 0 500 170 4 0 0 0 
2019-05-02  4:10:34  828 246 18 0 0 0 453 165 7 1 0 0 
2019-05-02  4:11:34  762 225 19 2 1 1 481 165 4 0 0 0 
2019-05-02  4:12:35  717 203 11 0 0 0 460 161 4 1 0 0 
2019-05-02  4:13:35  807 236 13 3 1 0 456 187 6 1 0 0 
2019-05-02  4:14:35  834 239 17 1 0 0 461 160 5 2 0 0 
2019-05-02  4:15:34  834 246 27 2 1 0 484 175 5 0 0 0 
2019-05-02  4:16:34  708 205 11 0 0 0 477 162 7 0 0 0 
2019-05-02  4:17:39  675 203 20 3 2 0 491 164 4 1 0 0 
2019-05-02  4:18:34  855 247 14 0 0 0 469 172 3 1 0 0 
2019-05-02  4:19:34  957 269 26 0 0 0 472 166 5 0 0 0 
2019-05-02  4:20:34  798 226 22 3 2 0 478 163 6 1 0 0 
2019-05-02  4:21:34  696 195 19 1 1 0 480 174 4 1 0 0 
2019-05-02  4:22:39  795 223 12 0 0 0 486 167 4 1 0 0 
2019-05-02  4:23:34  837 246 22 0 0 0 480 173 6 0 0 0 
2019-05-02  4:24:34  681 198 7 0 0 0 489 183 5 1 0 0 
2019-05-02  4:25:34  903 263 30 1 1 0 456 159 4 0 0 0 
2019-05-02  4:26:34  732 210 15 1 0 0 460 160 4 0 0 0 
2019-05-02  4:27:34  771 232 22 1 1 0 471 168 3 0 0 0 
2019-05-02  4:28:34  681 203 12 3 0 0 489 165 5 0 0 0 
2019-05-02  4:29:34  861 247 14 0 0 0 465 147 2 0 0 0 
2019-05-02  4:30:34  744 224 20 0 0 0 476 167 6 1 0 0 
2019-05-02  4:31:34  768 230 25 1 0 0 485 169 2 0 0 0 
2019-05-02  4:32:34  684 204 14 2 1 0 483 156 3 0 0 0 
2019-05-02  4:33:34  870 252 27 2 1 0 456 146 6 1 0 0 
2019-05-02  4:34:39  756 226 8 1 1 0 454 154 5 0 0 0 
2019-05-02  4:35:34  777 227 17 0 0 0 471 170 4 0 0 0 
2019-05-02  4:36:34  858 255 22 1 0 0 470 168 5 0 0 0 
2019-05-02  4:37:34  720 209 17 4 3 0 475 161 6 0 0 0 
2019-05-02  4:38:34  936 274 25 1 0 0 497 177 4 1 0 0 
2019-05-02  4:39:34  735 222 14 0 0 0 494 172 5 0 0 0 
2019-05-02  4:40:34  831 250 19 0 0 0 463 156 5 0 0 0 
2019-05-02  4:41:34  660 202 16 2 0 0 466 157 4 0 0 0 
2019-05-02  4:42:34  789 226 26 1 0 0 465 147 5 0 0 0 
2019-05-02  4:43:34  801 234 23 1 0 0 467 165 7 1 0 0 
2019-05-02  4:44:34  777 237 18 2 0 0 464 145 3 0 0 0 
2019-05-02  4:45:34  870 252 21 1 0 0 431 149 5 0 0 0 
2019-05-02  4:46:34  729 221 14 0 0 0 483 178 4 0 0 0 
2019-05-02  4:47:34  882 244 19 0 0 0 500 162 3 0 0 0 
2019-05-02  4:48:39  750 228 27 0 0 0 474 162 4 0 0 0 
2019-05-02  4:49:34  840 249 18 1 1 0 477 162 4 0 0 0 
2019-05-02  4:50:34  744 231 13 1 0 0 490 171 4 1 0 0 
2019-05-02  4:51:34  765 224 17 3 1 0 492 170 6 1 0 0 
2019-05-02  4:52:34  891 255 30 2 1 0 509 176 6 0 0 0 
2019-05-02  4:53:34  834 247 15 1 0 0 501 162 4 0 0 0 
2019-05-02  4:54:34  798 239 17 1 0 0 516 168 4 0 0 0 
2019-05-02  4:55:34  690 198 12 1 0 0 449 148 6 1 0 0 
2019-05-02  4:56:34  798 232 32 1 0 0 471 161 3 0 0 0 
2019-05-02  4:57:34  690 216 9 1 0 0 472 161 3 0 0 0 
2019-05-02  4:58:34  765 219 12 0 0 0 464 167 3 0 0 0 
2019-05-02  4:59:34  933 282 33 6 2 0 477 163 3 1 0 0 
2019-05-02  5:00:34  768 225 21 2 1 0 458 158 6 1 0 0 
2019-05-02  5:01:34  819 237 23 0 0 0 487 178 6 1 0 0 
2019-05-02  5:02:34  750 228 33 3 0 0 463 166 5 0 0 0 
2019-05-02  5:03:34  834 234 25 1 0 0 458 157 2 0 0 0 
2019-05-02  5:04:34  801 231 12 2 0 0 491 170 4 0 0 0 
2019-05-02  5:05:34  771 223 15 0 0 0 447 149 3 0 0 0 
2019-05-02  5:06:34  891 266 26 2 0 0 486 162 4 1 0 0 
2019-05-02  5:07:34  717 204 19 0 0 0 454 158 5 0 0 0 
2019-05-02  5:08:34  816 233 29 3 1 0 474 160 6 1 0 0 
2019-05-02  5:09:34  741 214 16 0 0 0 499 185 6 0 0 0 
2019-05-02  5:10:34  702 213 20 0 0 0 462 156 6 1 0 0 
2019-05-02  5:11:34  822 256 19 1 1 0 468 163 3 0 0 0 
2019-05-02  5:12:34  771 224 20 3 1 0 457 148 5 0 0 0 
2019-05-02  5:13:34  840 228 18 0 0 0 489 162 8 0 0 0 
2019-05-02  5:14:34  723 204 9 1 0 0 469 166 5 0 0 0 
2019-05-02  5:15:34  900 256 11 0 0 0 463 175 5 1 0 0 
2019-05-02  5:16:34  870 243 22 1 1 0 463 171 5 1 0 0 
2019-05-02  5:17:34  777 225 14 1 0 0 470 153 5 1 0 0 
2019-05-02  5:18:38  810 241 16 2 2 0 473 178 2 0 0 0 
2019-05-02  5:19:34  798 234 22 2 1 0 483 152 5 0 0 0 
2019-05-02  5:20:34  897 273 16 0 0 0 466 155 3 0 0 0 
2019-05-02  5:21:34  753 225 23 0 0 0 487 170 4 0 0 0 
2019-05-02  5:22:38  672 203 22 0 0 0 466 178 4 1 0 0 
2019-05-02  5:23:34  783 235 19 1 0 0 470 164 8 1 0 0 
2019-05-02  5:24:34  834 238 11 1 0 0 492 172 4 0 0 0 
2019-05-02  5:25:34  708 214 19 0 0 0 445 147 4 0 0 0 
2019-05-02  5:26:34  705 211 11 0 0 0 473 147 6 0 0 0 
2019-05-02  5:27:34  837 235 18 1 0 0 457 166 6 1 0 0 
2019-05-02  5:28:34  759 223 18 1 0 0 476 174 6 1 0 0 
2019-05-02  5:29:34  750 229 22 0 0 0 450 160 5 0 0 0 
2019-05-02  5:30:34  810 232 15 0 0 0 445 160 5 0 0 0 
2019-05-02  5:31:34  828 239 19 2 0 0 484 171 9 1 0 0 
2019-05-02  5:32:34  810 232 20 0 0 0 486 181 3 0 0 0 
2019-05-02  5:33:34  891 258 23 2 1 0 480 168 5 0 0 0 
2019-05-02  5:34:34  840 235 27 0 0 0 462 158 3 1 0 0 
2019-05-02  5:35:34  798 237 19 2 1 0 508 191 7 1 0 0 
2019-05-02  5:36:34  738 222 20 1 1 0 472 156 3 0 0 0 
2019-05-02  5:37:34  771 228 20 2 1 0 449 162 9 2 0 0 
2019-05-02  5:38:34  843 250 15 1 0 0 449 166 3 0 0 0 
2019-05-02  5:39:34  750 232 23 1 0 0 476 160 5 1 0 0 
2019-05-02  5:40:34  777 228 8 1 1 1 464 168 5 1 0 0 
2019-05-02  5:41:34  819 249 11 1 0 0 459 147 4 1 0 0 
2019-05-02  5:42:34  909 274 25 3 1 0 465 143 4 0 0 0 
2019-05-02  5:43:34  747 222 25 1 1 0 468 150 4 0 0 0 
2019-05-02  5:44:34  735 209 21 4 4 0 474 161 6 0 0 0 
2019-05-02  5:45:34  789 234 23 1 0 0 482 166 3 0 0 0 
2019-05-02  5:46:34  738 217 9 0 0 0 474 160 2 0 0 0 
2019-05-02  5:47:34  687 198 23 0 0 0 431 151 5 0 0 0 
2019-05-02  5:48:34  795 234 10 3 2 0 453 162 3 0 0 0 
2019-05-02  5:49:34  756 219 15 1 1 0 478 174 5 1 0 0 
2019-05-02  5:50:34  777 225 22 1 1 0 485 157 4 0 0 0 
2019-05-02  5:51:34  759 210 15 1 0 0 450 157 5 1 0 0 
2019-05-02  5:52:34  756 221 15 1 0 0 460 163 6 1 0 0 
2019-05-02  5:53:34  678 203 15 1 0 0 458 162 3 1 0 0 
2019-05-02  5:54:34  828 256 20 2 1 0 458 160 6 0 0 0 
2019-05-02  5:55:34  741 214 27 1 1 0 451 154 6 1 0 0 
2019-05-02  5:56:34  786 232 29 4 2 0 460 164 4 0 0 0 
2019-05-02  5:57:34  792 229 26 1 1 0 458 156 7 0 0 0 
2019-05-02  5:58:34  759 212 17 1 0 0 447 163 6 0 0 0 
2019-05-02  5:59:34  738 228 15 2 1 0 439 158 4 0 0 0 
2019-05-02  6:00:34  858 249 18 2 1 0 474 156 3 0 0 0 
2019-05-02  6:01:34  783 236 21 0 0 0 479 152 4 0 0 0 
2019-05-02  6:02:34  708 207 18 0 0 0 499 166 5 0 0 0 
2019-05-02  6:03:38  798 247 24 0 0 0 466 160 4 0 0 0 
2019-05-02  6:04:38  792 226 15 1 0 0 449 158 6 1 0 0 
2019-05-02  6:05:34  846 246 17 1 1 0 483 162 6 0 0 0 
2019-05-02  6:06:34  822 240 18 3 1 0 452 162 4 0 0 0 
2019-05-02  6:07:34  771 212 18 2 0 0 441 146 7 1 0 0 
2019-05-02  6:08:34  864 253 23 1 0 0 455 154 6 0 0 0 
2019-05-02  6:09:34  792 240 22 4 0 0 441 155 2 1 0 0 
2019-05-02  6:10:34  780 230 21 3 1 0 486 157 9 2 0 0 
2019-05-02  6:11:34  642 183 10 1 0 0 445 154 7 0 0 0 
2019-05-02  6:12:34  744 207 15 1 1 0 457 155 3 0 0 0 
2019-05-02  6:13:34  789 236 15 1 0 0 487 170 4 1 0 0 
2019-05-02  6:14:34  687 215 19 2 1 0 476 171 6 0 0 0 
2019-05-02  6:15:34  939 264 30 0 0 0 464 163 4 0 0 0 
2019-05-02  6:16:34  756 224 15 4 2 1 467 156 5 2 0 0 
2019-05-02  6:17:34  798 230 20 1 0 0 477 175 6 1 0 0 
2019-05-02  6:18:34  705 206 7 0 0 0 475 171 2 0 0 0 
2019-05-02  6:19:34  864 246 34 3 1 0 444 155 6 2 0 0 
2019-05-02  6:20:34  723 209 14 0 0 0 480 172 6 0 0 0 
2019-05-02  6:21:34  747 213 10 0 0 0 475 170 4 0 0 0 
2019-05-02  6:22:34  837 250 31 1 1 0 449 160 7 1 0 0 
2019-05-02  6:23:34  795 233 16 1 0 0 450 148 5 0 0 0 
2019-05-02  6:24:34  810 240 25 2 0 0 451 145 5 1 0 0 
2019-05-02  6:25:34  771 219 11 0 0 0 497 174 5 0 0 0 
2019-05-02  6:26:38  681 201 13 0 0 0 487 179 3 0 0 0 
2019-05-02  6:27:34  729 208 16 3 1 1 436 137 5 0 0 0 
2019-05-02  6:28:34  642 193 14 0 0 0 434 159 6 0 0 0 
2019-05-02  6:29:34  804 243 21 0 0 0 443 148 4 1 0 0 
2019-05-02  6:30:34  807 230 19 0 0 0 470 144 4 0 0 0 
2019-05-02  6:31:34  756 211 18 1 0 0 453 172 4 0 0 0 
2019-05-02  6:32:34  843 240 22 2 0 0 457 158 5 0 0 0 
2019-05-02  6:33:34  933 276 19 1 1 0 475 169 2 0 0 0 
2019-05-02  6:34:34  795 234 13 0 0 0 455 145 7 0 0 0 
2019-05-02  6:35:34  840 252 17 2 1 0 477 178 4 0 0 0 
2019-05-02  6:36:34  768 209 17 1 0 0 452 151 4 0 0 0 
2019-05-02  6:37:34  738 211 25 3 0 0 450 160 4 1 0 0 
2019-05-02  6:38:34  723 207 18 2 0 0 487 170 6 0 0 0 
2019-05-02  6:39:34  834 248 35 9 5 1 484 173 3 0 0 0 
2019-05-02  6:40:34  777 237 19 0 0 0 452 158 7 1 0 0 
2019-05-02  6:41:34  699 199 13 0 0 0 431 152 3 1 0 0 
2019-05-02  6:42:34  738 199 21 3 1 0 442 150 4 0 0 0 
2019-05-02  6:43:34  801 235 19 1 1 0 416 146 5 0 0 0 
2019-05-02  6:44:34  777 227 14 0 0 0 410 142 5 0 0 0 
2019-05-02  6:45:34  843 258 19 2 1 0 432 141 4 0 0 0 
2019-05-02  6:46:34  666 197 12 1 0 0 442 152 4 0 0 0 
2019-05-02  6:47:34  867 251 24 0 0 0 409 150 3 0 0 0 
2019-05-02  6:48:34  693 201 22 0 0 0 408 140 2 0 0 0 
2019-05-02  6:49:34  768 222 32 1 0 0 408 148 5 0 0 0 
2019-05-02  6:50:34  717 215 13 1 0 0 406 151 5 0 0 0 
2019-05-02  6:51:34  585 171 4 1 0 0 388 135 3 0 0 0 
2019-05-02  6:52:34  690 204 19 2 1 0 409 149 4 0 0 0 
2019-05-02  6:53:34  801 234 25 2 1 0 414 139 2 0 0 0 
2019-05-02  6:54:34  567 170 15 1 0 0 401 127 4 0 0 0 
2019-05-02  6:55:34  837 260 25 1 0 0 390 134 4 0 0 0 
2019-05-02  6:56:34  654 190 12 0 0 0 409 150 5 1 0 0 
2019-05-02  6:57:34  513 157 10 1 0 0 371 130 4 1 0 0 
2019-05-02  6:58:34  639 193 19 0 0 0 400 136 5 0 0 0 
2019-05-02  6:59:34  639 183 13 2 2 1 354 134 3 0 0 0 
2019-05-02  7:00:34  597 176 20 0 0 0 387 129 5 1 0 0 
2019-05-02  7:01:34  621 178 17 2 2 0 422 145 3 0 0 0 
2019-05-02  7:02:34  627 183 7 0 0 0 387 126 4 0 0 0 
2019-05-02  7:03:34  672 193 16 0 0 0 345 121 3 0 0 0 
2019-05-02  7:04:34  546 163 12 0 0 0 351 127 4 1 0 0 
2019-05-02  7:05:34  594 171 17 1 0 0 343 113 1 0 0 0 
2019-05-02  7:06:34  609 181 27 2 0 0 331 121 3 0 0 0 
2019-05-02  7:07:34  633 185 17 0 0 0 355 132 4 0 0 0 
2019-05-02  7:08:34  558 158 11 2 1 0 353 120 2 0 0 0 
2019-05-02  7:09:34  678 201 13 2 1 0 346 111 4 0 0 0 
2019-05-02  7:10:34  600 177 26 2 1 0 339 113 3 1 0 0 
2019-05-02  7:11:34  585 176 17 3 2 1 382 135 2 0 0 0 
2019-05-02  7:12:34  606 184 11 0 0 0 357 130 2 0 0 0 
2019-05-02  7:13:34  504 140 7 0 0 0 339 104 2 0 0 0 
2019-05-02  7:14:34  534 155 13 0 0 0 368 140 3 0 0 0 
2019-05-02  7:15:34  585 164 11 0 0 0 351 121 3 1 0 0 
2019-05-02  7:16:34  552 170 14 2 2 1 342 118 3 0 0 0 
2019-05-02  7:17:34  624 169 17 0 0 0 338 121 3 0 0 0 
2019-05-02  7:18:34  645 187 8 1 0 0 351 117 3 0 0 0 
2019-05-02  7:19:34  534 161 14 5 1 0 355 126 3 0 0 0 
2019-05-02  7:20:34  564 159 16 2 1 0 328 127 5 1 0 0 
2019-05-02  7:21:34  615 170 11 2 1 0 338 111 2 0 0 0 
2019-05-02  7:22:34  567 144 8 1 0 0 367 128 7 1 0 0 
2019-05-02  7:23:34  615 174 18 3 1 0 358 125 4 1 0 0 
2019-05-02  7:24:34  732 205 24 0 0 0 337 124 4 0 0 0 
2019-05-02  7:25:34  591 169 14 2 0 0 340 114 3 0 0 0 
2019-05-02  7:26:34  738 220 20 2 1 1 311 117 2 0 0 0 
2019-05-02  7:27:34  504 149 7 0 0 0 325 106 2 0 0 0 
2019-05-02  7:28:34  582 173 18 1 0 0 344 103 2 0 0 0 
2019-05-02  7:29:34  468 141 9 0 0 0 336 113 2 0 0 0 
2019-05-02  7:30:34  525 157 8 3 2 0 314 111 5 0 0 0 
2019-05-02  7:31:34  441 120 15 0 0 0 322 101 1 0 0 0 
2019-05-02  7:32:37  537 156 8 2 1 0 304 114 2 0 0 0 
2019-05-02  7:33:34  507 149 17 0 0 0 315 113 3 0 0 0 
2019-05-02  7:34:34  546 160 14 1 1 0 292 100 6 0 0 0 
2019-05-02  7:35:34  678 198 10 0 0 0 292 105 6 1 0 0 
2019-05-02  7:36:34  495 156 6 1 1 0 302 108 3 1 0 0 
2019-05-02  7:37:34  606 163 17 1 0 0 332 110 4 0 0 0 
2019-05-02  7:38:34  627 186 12 0 0 0 314 108 3 0 0 0 
2019-05-02  7:39:34  606 184 26 2 1 0 346 115 3 0 0 0 
2019-05-02  7:40:34  531 156 17 0 0 0 300 106 3 1 0 0 
2019-05-02  7:41:34  600 167 8 0 0 0 305 101 1 1 0 0 
2019-05-02  7:42:34  546 171 11 2 1 0 316 118 2 1 0 0 
2019-05-02  7:43:34  594 180 18 3 0 0 296 100 4 1 0 0 
2019-05-02  7:44:34  525 145 4 1 1 0 291 102 7 0 0 0 
2019-05-02  7:45:34  492 137 12 1 1 0 290 104 4 0 0 0 
2019-05-02  7:46:34  474 132 15 1 1 1 306 107 3 1 0 0 
2019-05-02  7:47:34  453 129 7 2 0 0 292 99 1 0 0 0 
2019-05-02  7:48:34  456 129 9 1 0 0 309 101 2 0 0 0 
2019-05-02  7:49:38  606 184 16 2 1 0 288 93 2 0 0 0 
2019-05-02  7:50:34  585 179 11 1 0 0 294 103 4 0 0 0 
2019-05-02  7:51:34  444 121 5 0 0 0 272 89 3 0 0 0 
2019-05-02  7:52:34  477 145 7 1 0 0 282 111 3 0 0 0 
2019-05-02  7:53:34  408 116 11 2 2 1 278 96 4 0 0 0 
2019-05-02  7:54:34  435 125 7 0 0 0 302 105 3 1 0 0 
2019-05-02  7:55:34  339 98 6 1 0 0 293 96 4 0 0 0 
2019-05-02  7:56:34  441 127 8 0 0 0 311 118 3 1 0 0 
2019-05-02  7:57:34  507 135 9 1 1 0 289 98 3 0 0 0 
2019-05-02  7:58:34  549 158 17 1 0 0 291 104 5 1 0 0 
2019-05-02  7:59:34  462 136 17 5 1 0 280 95 2 0 0 0 
2019-05-02  8:00:37  417 133 10 1 1 0 269 90 4 0 0 0 
2019-05-02  8:01:34  480 140 7 0 0 0 287 90 4 1 0 0 
2019-05-02  8:02:34  438 116 10 0 0 0 270 92 2 0 0 0 
2019-05-02  8:03:34  528 147 12 0 0 0 249 87 1 0 0 0 
2019-05-02  8:04:34  396 117 9 0 0 0 265 93 2 0 0 0 
2019-05-02  8:05:34  462 131 9 1 0 0 277 90 1 0 0 0 
2019-05-02  8:06:34  483 139 6 0 0 0 254 98 4 1 0 0 
2019-05-02  8:07:34  414 113 7 0 0 0 273 86 3 1 0 0 
2019-05-02  8:08:34  411 119 5 1 0 0 261 92 4 0 0 0 
2019-05-02  8:09:34  432 118 15 0 0 0 274 88 3 0 0 0 
2019-05-02  8:10:34  402 113 6 1 1 0 257 76 3 0 0 0 
2019-05-02  8:11:34  507 158 13 0 0 0 230 86 4 0 0 0 
2019-05-02  8:12:34  519 155 20 1 0 0 250 89 1 0 0 0 
2019-05-02  8:13:34  336 91 2 0 0 0 235 78 1 0 0 0 
2019-05-02  8:14:34  471 116 13 2 0 0 247 84 1 0 0 0 
2019-05-02  8:15:34  441 123 9 0 0 0 256 86 4 0 0 0 
2019-05-02  8:16:34  387 106 9 1 0 0 245 81 3 0 0 0 
2019-05-02  8:17:34  375 113 5 2 1 0 245 85 4 0 0 0 
2019-05-02  8:18:34  522 157 8 1 1 0 241 88 4 0 0 0 
2019-05-02  8:19:34  369 108 13 1 1 1 225 79 3 0 0 0 
2019-05-02  8:20:34  339 90 8 0 0 0 247 86 2 0 0 0 
2019-05-02  8:21:34  390 117 5 1 0 0 231 72 2 0 0 0 
2019-05-02  8:22:34  414 118 11 1 1 0 206 76 4 1 0 0 
2019-05-02  8:23:34  381 115 6 0 0 0 227 83 4 0 0 0 
2019-05-02  8:24:34  339 101 9 1 0 0 232 70 2 0 0 0 
2019-05-02  8:25:34  432 125 9 3 0 0 231 88 2 0 0 0 
2019-05-02  8:26:34  426 129 6 1 0 0 203 75 3 0 0 0 
2019-05-02  8:27:34  345 105 9 1 0 0 223 80 4 0 0 0 
2019-05-02  8:28:34  441 128 18 4 2 0 200 63 1 0 0 0 
2019-05-02  8:29:34  312 92 9 0 0 0 206 70 5 0 0 0 
2019-05-02  8:30:34  393 119 6 0 0 0 197 67 3 1 0 0 
2019-05-02  8:31:37  360 110 10 0 0 0 220 78 1 0 0 0 
2019-05-02  8:32:34  339 98 10 1 0 0 206 76 4 0 0 0 
2019-05-02  8:33:34  444 132 10 1 0 0 201 73 2 0 0 0 
2019-05-02  8:34:37  411 122 5 0 0 0 188 62 3 1 0 0 
2019-05-02  8:35:34  333 92 8 0 0 0 197 62 2 0 0 0 
2019-05-02  8:36:34  318 85 5 0 0 0 197 62 1 0 0 0 
2019-05-02  8:37:34  378 98 4 1 0 0 202 68 1 0 0 0 
2019-05-02  8:38:34  321 90 2 1 0 0 207 67 1 0 0 0 
2019-05-02  8:39:34  390 108 11 0 0 0 219 85 5 0 0 0 
2019-05-02  8:40:34  306 89 7 2 1 0 218 72 2 0 0 0 
2019-05-02  8:41:34  357 103 8 1 1 0 191 63 2 0 0 0 
2019-05-02  8:42:34  327 93 6 2 1 0 198 66 2 0 0 0 
2019-05-02  8:43:34  330 102 11 0 0 0 196 56 2 0 0 0 
2019-05-02  8:44:37  360 108 8 1 0 0 170 55 2 0 0 0 
2019-05-02  8:45:34  315 91 7 0 0 0 173 54 1 0 0 0 
2019-05-02  8:46:34  369 100 6 0 0 0 167 58 2 1 0 0 
2019-05-02  8:47:34  345 100 10 0 0 0 159 55 1 0 0 0 
2019-05-02  8:48:34  246 65 3 0 0 0 181 50 0 0 0 0 
2019-05-02  8:49:34  276 87 5 0 0 0 174 55 1 0 0 0 
2019-05-02  8:50:34  267 72 8 1 0 0 180 67 3 0 0 0 
2019-05-02  8:51:34  351 95 7 1 1 0 165 50 2 0 0 0 
2019-05-02  8:52:34  291 82 7 2 1 0 170 58 1 0 0 0 
2019-05-02  8:53:34  270 76 9 0 0 0 153 51 1 0 0 0 
2019-05-02  8:54:34  264 75 6 0 0 0 157 58 2 1 0 0 
2019-05-02  8:55:34  294 85 13 1 0 0 166 60 1 0 0 0 
2019-05-02  8:56:34  261 73 6 0 0 0 175 61 1 0 0 0 
2019-05-02  8:57:34  249 71 6 1 1 0 142 54 2 0 0 0 
2019-05-02  8:58:34  243 69 5 0 0 0 156 48 1 0 0 0 
2019-05-02  8:59:34  267 74 2 0 0 0 159 50 1 0 0 0 
2019-05-02  9:00:34  366 110 8 2 0 0 161 50 1 0 0 0 
2019-05-02  9:01:34  261 70 1 0 0 0 154 54 1 0 0 0 
2019-05-02  9:02:34  264 77 8 0 0 0 158 54 1 0 0 0 
2019-05-02  9:03:34  267 74 4 0 0 0 147 60 2 0 0 0 
2019-05-02  9:04:34  267 75 7 0 0 0 150 50 2 0 0 0 
2019-05-02  9:05:34  279 80 7 2 0 0 148 56 1 0 0 0 
2019-05-02  9:06:34  228 69 5 0 0 0 142 52 1 0 0 0 
2019-05-02  9:07:34  225 67 4 1 1 0 147 51 0 0 0 0 
2019-05-02  9:08:34  228 67 4 0 0 0 144 47 2 0 0 0 
2019-05-02  9:09:34  273 83 5 0 0 0 149 52 1 0 0 0 
2019-05-02  9:10:34  243 73 8 1 0 0 141 44 1 0 0 0 
2019-05-02  9:11:34  342 99 4 0 0 0 143 47 1 0 0 0 
2019-05-02  9:12:34  228 64 3 0 0 0 123 45 2 0 0 0 
2019-05-02  9:13:34  204 59 11 2 1 1 123 40 0 0 0 0 
2019-05-02  9:14:34  234 69 6 0 0 0 135 50 0 0 0 0 
2019-05-02  9:15:34  171 45 1 1 0 0 124 41 0 0 0 0 
2019-05-02  9:16:34  267 74 4 0 0 0 133 40 1 0 0 0 
2019-05-02  9:17:34  231 62 2 0 0 0 123 41 1 0 0 0 
2019-05-02  9:18:34  222 68 6 0 0 0 117 37 0 0 0 0 
2019-05-02  9:19:34  228 71 11 2 2 0 113 38 3 0 0 0 
2019-05-02  9:20:34  156 42 2 0 0 0 121 44 0 0 0 0 
2019-05-02  9:21:34  210 56 8 1 1 0 102 40 2 0 0 0 
2019-05-02  9:22:37  192 53 4 0 0 0 124 42 0 0 0 0 
2019-05-02  9:23:34  183 54 10 2 2 0 114 35 0 0 0 0 
2019-05-02  9:24:38  192 61 3 0 0 0 91 30 1 0 0 0 
2019-05-02  9:25:37  180 52 5 1 0 0 109 30 1 0 0 0 
2019-05-02  9:26:34  210 59 5 1 0 0 108 36 0 0 0 0 
2019-05-02  9:27:34  147 40 0 0 0 0 96 32 1 0 0 0 
2019-05-02  9:28:34  192 53 1 0 0 0 108 34 3 1 0 0 
2019-05-02  9:29:34  213 60 6 0 0 0 95 26 0 0 0 0 
2019-05-02  9:30:34  177 46 3 1 0 0 107 37 1 0 0 0 
2019-05-02  9:31:34  189 57 4 0 0 0 97 30 1 0 0 0 
