2019-05-01 23:04:05  4 4 4 4 2 2 3 3 
2019-05-01 23:04:35  4 4 4 4 3 3 3 3 
2019-05-01 23:05:35  4 4 4 4 2 2 3 3 
2019-05-01 23:06:35  4 5 4 5 3 3 3 3 
2019-05-01 23:07:35  4 5 4 5 3 3 3 3 
2019-05-01 23:08:35  5 5 5 5 3 3 3 3 
2019-05-01 23:09:35  3 4 3 4 3 3 3 3 
2019-05-01 23:10:35  5 6 5 6 3 3 3 3 
2019-05-01 23:11:35  3 4 3 4 3 3 3 3 
2019-05-01 23:12:35  3 4 3 4 3 3 3 3 
2019-05-01 23:13:35  4 4 4 4 3 3 3 3 
2019-05-01 23:14:35  5 5 5 5 2 2 3 3 
2019-05-01 23:15:35  4 4 4 4 3 3 3 3 
2019-05-01 23:16:35  4 4 4 4 3 3 3 3 
2019-05-01 23:17:35  3 3 3 3 2 2 3 3 
2019-05-01 23:18:35  4 4 4 4 3 3 3 3 
2019-05-01 23:19:35  4 4 4 4 3 3 3 3 
2019-05-01 23:20:35  4 5 4 5 3 3 3 3 
2019-05-01 23:21:35  4 5 4 5 2 2 3 3 
2019-05-01 23:22:35  4 4 4 4 3 3 3 3 
2019-05-01 23:23:35  3 3 3 3 3 3 3 3 
2019-05-01 23:24:35  5 5 5 5 3 3 3 3 
2019-05-01 23:25:35  3 3 3 3 3 3 3 3 
2019-05-01 23:26:35  4 4 4 4 3 3 3 3 
2019-05-01 23:27:35  4 4 4 4 2 2 3 3 
2019-05-01 23:28:35  5 6 5 6 3 3 3 3 
2019-05-01 23:29:35  4 5 4 5 3 3 3 3 
2019-05-01 23:30:35  4 4 4 4 3 3 3 3 
2019-05-01 23:31:35  3 3 3 3 3 3 3 3 
2019-05-01 23:32:35  4 6 4 6 3 3 3 3 
2019-05-01 23:33:35  4 4 4 4 3 3 3 3 
2019-05-01 23:34:35  4 5 4 5 2 2 3 3 
2019-05-01 23:35:35  4 5 4 5 3 3 3 3 
2019-05-01 23:36:35  4 4 4 4 2 2 3 3 
2019-05-01 23:37:39  4 4 4 4 3 3 3 3 
2019-05-01 23:38:35  5 6 5 6 3 3 3 3 
2019-05-01 23:39:35  3 3 3 3 3 3 3 3 
2019-05-01 23:40:35  4 5 4 5 3 3 3 3 
2019-05-01 23:41:35  4 6 4 6 3 3 3 3 
2019-05-01 23:42:35  4 4 4 4 3 3 3 3 
2019-05-01 23:43:35  4 4 4 4 3 3 3 3 
2019-05-01 23:44:35  3 4 3 4 2 2 3 3 
2019-05-01 23:45:35  5 6 5 6 3 3 3 3 
2019-05-01 23:46:35  5 5 5 5 3 3 3 3 
2019-05-01 23:47:35  4 5 4 5 3 3 3 3 
2019-05-01 23:48:35  3 3 3 3 3 3 3 3 
2019-05-01 23:49:35  3 3 3 3 2 2 3 3 
2019-05-01 23:50:35  4 4 4 4 3 3 3 3 
2019-05-01 23:51:35  5 6 5 6 3 3 3 3 
2019-05-01 23:52:35  5 7 5 7 3 3 3 3 
2019-05-01 23:53:35  3 3 3 3 3 3 3 3 
2019-05-01 23:54:35  4 6 4 6 3 3 3 3 
2019-05-01 23:55:35  3 4 3 4 3 3 3 3 
2019-05-01 23:56:35  4 5 4 5 3 3 3 3 
2019-05-01 23:57:35  4 4 4 4 3 3 3 3 
2019-05-01 23:58:35  4 6 4 6 3 3 3 3 
2019-05-01 23:59:35  4 5 4 5 3 3 3 3 
2019-05-02  0:00:35  3 3 3 3 3 3 3 3 
2019-05-02  0:01:35  4 4 4 4 3 3 3 3 
2019-05-02  0:02:35  4 4 4 4 3 3 3 3 
2019-05-02  0:03:35  5 5 5 5 3 3 3 3 
2019-05-02  0:04:35  4 5 4 5 3 3 3 3 
2019-05-02  0:05:35  4 5 4 5 3 3 3 3 
2019-05-02  0:06:35  4 4 4 4 3 3 3 3 
2019-05-02  0:07:35  4 4 4 4 3 3 3 3 
2019-05-02  0:08:35  4 5 4 5 3 3 3 3 
2019-05-02  0:09:35  4 5 4 5 3 3 3 3 
2019-05-02  0:10:35  4 5 4 5 2 2 3 3 
2019-05-02  0:11:35  5 5 5 5 3 3 3 3 
2019-05-02  0:12:35  5 7 5 7 3 3 3 3 
2019-05-02  0:13:35  5 5 5 5 3 3 3 3 
2019-05-02  0:14:35  3 3 3 3 3 3 3 3 
2019-05-02  0:15:35  4 4 4 4 3 3 3 3 
2019-05-02  0:16:35  4 5 4 5 3 3 3 3 
2019-05-02  0:17:35  4 4 4 4 3 3 3 3 
2019-05-02  0:18:35  4 4 4 4 3 3 3 3 
2019-05-02  0:19:35  4 4 4 4 3 3 3 3 
2019-05-02  0:20:35  3 4 3 4 3 3 3 3 
2019-05-02  0:21:35  4 4 4 4 3 3 3 3 
2019-05-02  0:22:35  4 4 4 4 3 3 3 3 
2019-05-02  0:23:35  5 5 5 5 3 3 3 3 
2019-05-02  0:24:35  4 4 4 4 3 3 3 3 
2019-05-02  0:25:35  3 4 3 4 3 3 3 3 
2019-05-02  0:26:38  4 4 4 4 3 3 3 3 
2019-05-02  0:27:35  3 3 3 3 3 3 3 3 
2019-05-02  0:28:35  5 6 5 6 3 3 3 3 
2019-05-02  0:29:35  5 5 5 5 2 2 3 3 
2019-05-02  0:30:35  3 3 3 3 3 3 3 3 
2019-05-02  0:31:35  3 4 3 4 3 3 3 3 
2019-05-02  0:32:35  4 5 4 5 3 3 3 3 
2019-05-02  0:33:35  4 4 4 4 3 3 3 3 
2019-05-02  0:34:35  3 4 3 4 3 3 3 3 
2019-05-02  0:35:35  4 5 4 5 3 3 3 3 
2019-05-02  0:36:35  4 5 4 5 3 3 3 3 
2019-05-02  0:37:35  5 5 5 5 3 3 3 3 
2019-05-02  0:38:35  5 5 5 5 3 3 3 3 
2019-05-02  0:39:35  5 6 5 6 3 3 3 3 
2019-05-02  0:40:35  4 4 4 4 3 3 3 3 
2019-05-02  0:41:35  4 5 4 5 2 2 3 3 
2019-05-02  0:42:35  4 4 4 4 2 2 3 3 
2019-05-02  0:43:39  5 5 5 5 3 3 3 3 
2019-05-02  0:44:35  4 5 4 5 3 3 3 3 
2019-05-02  0:45:35  4 4 4 4 3 3 3 3 
2019-05-02  0:46:35  5 5 5 5 3 3 3 3 
2019-05-02  0:47:35  4 4 4 4 3 3 3 3 
2019-05-02  0:48:35  4 5 4 5 3 3 3 3 
2019-05-02  0:49:35  4 4 4 4 3 3 3 3 
2019-05-02  0:50:35  4 6 4 6 3 3 3 3 
2019-05-02  0:51:38  4 5 4 5 3 3 3 3 
2019-05-02  0:52:35  4 5 4 5 3 3 3 3 
2019-05-02  0:53:35  4 4 4 4 3 3 3 3 
2019-05-02  0:54:35  4 5 4 5 3 3 3 3 
2019-05-02  0:55:35  5 6 5 6 3 3 3 3 
2019-05-02  0:56:35  4 4 4 4 3 3 3 3 
2019-05-02  0:57:35  4 4 4 4 3 3 3 3 
2019-05-02  0:58:35  5 5 5 5 3 3 3 3 
2019-05-02  0:59:35  5 7 5 7 3 3 3 3 
2019-05-02  1:00:35  4 4 4 4 3 3 3 3 
2019-05-02  1:01:35  4 4 4 4 3 3 3 3 
2019-05-02  1:02:35  4 4 4 4 3 3 3 3 
2019-05-02  1:03:35  5 5 5 5 3 3 3 3 
2019-05-02  1:04:35  4 5 4 5 3 3 3 3 
2019-05-02  1:05:35  4 5 4 5 3 3 3 3 
2019-05-02  1:06:35  3 4 3 4 3 3 3 3 
2019-05-02  1:07:35  4 4 4 4 3 3 3 3 
2019-05-02  1:08:35  5 6 5 6 3 3 3 3 
2019-05-02  1:09:35  4 4 4 4 3 3 3 3 
2019-05-02  1:10:35  5 5 5 5 3 3 3 3 
2019-05-02  1:11:35  5 5 5 5 3 3 3 3 
2019-05-02  1:12:35  4 5 4 5 3 3 3 3 
2019-05-02  1:13:35  4 4 4 4 3 3 4 4 
2019-05-02  1:14:35  4 5 4 5 3 3 3 3 
2019-05-02  1:15:35  3 4 3 4 3 3 3 3 
2019-05-02  1:16:35  5 5 5 5 3 3 3 3 
2019-05-02  1:17:35  3 4 3 4 3 3 3 3 
2019-05-02  1:18:35  4 6 4 6 3 3 3 3 
2019-05-02  1:19:35  5 5 5 5 3 3 3 3 
2019-05-02  1:20:35  3 4 3 4 3 3 3 3 
2019-05-02  1:21:35  4 4 4 4 3 3 3 3 
2019-05-02  1:22:35  4 4 4 4 3 3 3 3 
2019-05-02  1:23:35  4 4 4 4 3 3 3 3 
2019-05-02  1:24:35  4 4 4 4 3 3 3 3 
2019-05-02  1:25:35  4 5 4 5 3 3 3 3 
2019-05-02  1:26:35  6 6 6 6 3 3 3 3 
2019-05-02  1:27:35  6 6 6 6 3 3 3 3 
2019-05-02  1:28:35  4 5 4 5 3 3 3 3 
2019-05-02  1:29:35  4 5 4 5 3 3 3 3 
2019-05-02  1:30:35  5 5 5 5 3 3 3 3 
2019-05-02  1:31:35  4 4 4 4 3 3 3 3 
2019-05-02  1:32:35  5 6 5 6 3 3 3 3 
2019-05-02  1:33:35  4 4 4 4 3 3 3 3 
2019-05-02  1:34:35  4 6 4 6 3 3 3 3 
2019-05-02  1:35:35  3 3 3 3 3 3 3 3 
2019-05-02  1:36:35  4 5 4 5 3 3 3 3 
2019-05-02  1:37:35  5 5 5 5 3 3 3 3 
2019-05-02  1:38:39  5 5 5 5 3 3 3 3 
2019-05-02  1:39:35  4 5 4 5 3 3 4 4 
2019-05-02  1:40:35  5 6 5 6 3 3 3 3 
2019-05-02  1:41:35  4 5 4 5 3 3 3 3 
2019-05-02  1:42:35  5 5 5 5 3 3 3 3 
2019-05-02  1:43:35  4 4 4 4 3 3 3 3 
2019-05-02  1:44:35  4 5 4 5 3 3 3 3 
2019-05-02  1:45:35  5 5 5 5 3 3 3 3 
2019-05-02  1:46:35  4 4 4 4 3 3 3 3 
2019-05-02  1:47:35  5 6 5 6 3 3 3 3 
2019-05-02  1:48:35  4 4 4 4 3 3 3 3 
2019-05-02  1:49:39  4 5 4 5 3 3 3 3 
2019-05-02  1:50:35  4 6 4 6 3 3 3 3 
2019-05-02  1:51:35  5 5 5 5 3 3 3 3 
2019-05-02  1:52:35  5 7 5 7 3 3 3 3 
2019-05-02  1:53:35  4 4 4 4 3 3 3 3 
2019-05-02  1:54:35  5 5 5 5 3 3 3 3 
2019-05-02  1:55:35  5 5 5 5 3 3 3 3 
2019-05-02  1:56:39  5 6 5 6 3 3 4 4 
2019-05-02  1:57:35  5 5 5 5 3 3 3 3 
2019-05-02  1:58:35  4 4 4 4 3 3 3 3 
2019-05-02  1:59:35  5 6 5 6 3 3 4 4 
2019-05-02  2:00:35  4 5 4 5 3 3 4 4 
2019-05-02  2:01:35  4 5 4 5 3 3 3 3 
2019-05-02  2:02:35  4 4 4 4 3 3 3 3 
2019-05-02  2:03:35  4 4 4 4 3 3 3 3 
2019-05-02  2:04:35  4 5 4 5 3 3 3 3 
2019-05-02  2:05:35  4 4 4 4 3 3 3 3 
2019-05-02  2:06:35  4 5 4 5 3 3 3 3 
2019-05-02  2:07:35  4 7 4 7 3 3 3 3 
2019-05-02  2:08:35  5 5 5 5 3 3 3 3 
2019-05-02  2:09:35  5 5 5 5 3 3 3 3 
2019-05-02  2:10:35  4 4 4 4 3 3 3 3 
2019-05-02  2:11:35  4 4 4 4 3 3 3 3 
2019-05-02  2:12:35  4 5 4 5 3 3 3 3 
2019-05-02  2:13:35  4 5 4 5 3 3 3 3 
2019-05-02  2:14:35  4 5 4 5 3 3 3 3 
2019-05-02  2:15:38  4 5 4 5 3 3 4 4 
2019-05-02  2:16:35  3 3 3 3 3 3 3 3 
2019-05-02  2:17:35  3 4 3 4 3 3 3 3 
2019-05-02  2:18:35  4 4 4 4 3 3 3 3 
2019-05-02  2:19:35  4 5 4 5 3 3 3 3 
2019-05-02  2:20:35  4 5 4 5 3 3 3 3 
2019-05-02  2:21:35  5 5 5 5 3 3 3 3 
2019-05-02  2:22:35  5 7 5 7 3 3 3 3 
2019-05-02  2:23:35  5 6 5 6 3 3 3 3 
2019-05-02  2:24:35  4 4 4 4 3 3 3 3 
2019-05-02  2:25:35  5 5 5 5 3 3 3 3 
2019-05-02  2:26:35  5 6 5 6 3 3 3 3 
2019-05-02  2:27:35  5 5 5 5 3 3 3 3 
2019-05-02  2:28:35  4 5 4 5 3 3 3 3 
2019-05-02  2:29:35  4 4 4 4 3 3 3 3 
2019-05-02  2:30:35  4 5 4 5 3 3 3 3 
2019-05-02  2:31:35  5 6 5 6 3 3 3 3 
2019-05-02  2:32:35  3 4 3 4 3 3 3 3 
2019-05-02  2:33:35  4 4 4 4 3 3 3 3 
2019-05-02  2:34:35  5 5 5 5 3 3 3 3 
2019-05-02  2:35:35  5 6 5 6 3 3 3 3 
2019-05-02  2:36:35  4 5 4 5 3 3 3 3 
2019-05-02  2:37:35  4 4 4 4 3 3 3 3 
2019-05-02  2:38:35  4 5 4 5 3 3 3 3 
2019-05-02  2:39:35  5 6 5 6 3 3 3 3 
2019-05-02  2:40:35  4 4 4 4 3 3 3 3 
2019-05-02  2:41:35  4 6 4 6 3 3 3 3 
2019-05-02  2:42:35  4 5 4 5 3 3 3 3 
2019-05-02  2:43:35  5 6 5 6 3 3 3 3 
2019-05-02  2:44:35  5 6 5 6 3 3 4 4 
2019-05-02  2:45:35  5 5 5 5 3 3 4 4 
2019-05-02  2:46:35  5 5 5 5 3 3 3 3 
2019-05-02  2:47:35  4 6 4 6 3 3 3 3 
2019-05-02  2:48:35  4 5 4 5 3 3 3 3 
2019-05-02  2:49:35  4 4 4 4 3 3 3 3 
2019-05-02  2:50:35  4 5 4 5 3 3 3 3 
2019-05-02  2:51:35  5 6 5 6 3 3 3 3 
2019-05-02  2:52:35  5 5 5 5 3 3 3 3 
2019-05-02  2:53:35  5 5 5 5 3 3 3 3 
2019-05-02  2:54:35  5 6 5 6 3 3 3 3 
2019-05-02  2:55:35  5 5 5 5 3 3 3 3 
2019-05-02  2:56:35  4 5 4 5 3 3 3 3 
2019-05-02  2:57:35  5 5 5 5 3 3 3 3 
2019-05-02  2:58:35  5 6 5 6 3 3 3 3 
2019-05-02  2:59:35  5 6 5 6 3 3 3 3 
2019-05-02  3:00:35  6 7 6 7 3 3 3 3 
2019-05-02  3:01:35  5 6 5 6 3 3 3 3 
2019-05-02  3:02:35  5 5 5 5 3 3 3 3 
2019-05-02  3:03:35  4 5 4 5 3 3 3 3 
2019-05-02  3:04:35  5 7 5 7 3 3 3 3 
2019-05-02  3:05:38  4 4 4 4 3 3 3 3 
2019-05-02  3:06:35  3 3 3 3 3 3 3 3 
2019-05-02  3:07:35  5 5 5 5 3 3 3 3 
2019-05-02  3:08:35  5 5 5 5 3 3 3 3 
2019-05-02  3:09:35  4 4 4 4 3 3 3 3 
2019-05-02  3:10:35  4 5 4 5 3 3 3 3 
2019-05-02  3:11:35  5 6 5 6 3 3 3 3 
2019-05-02  3:12:35  4 4 4 4 3 3 3 3 
2019-05-02  3:13:35  4 5 4 5 3 3 3 3 
2019-05-02  3:14:35  5 5 5 5 3 3 3 3 
2019-05-02  3:15:35  5 5 5 5 3 3 4 4 
2019-05-02  3:16:35  6 6 6 6 3 3 3 3 
2019-05-02  3:17:35  5 5 5 5 3 3 3 3 
2019-05-02  3:18:35  5 6 5 6 3 3 3 3 
2019-05-02  3:19:35  4 5 4 5 3 3 3 3 
2019-05-02  3:20:35  4 6 4 6 3 3 3 3 
2019-05-02  3:21:35  4 5 4 5 3 3 3 3 
2019-05-02  3:22:35  5 5 5 5 3 3 3 3 
2019-05-02  3:23:35  6 6 6 6 3 3 3 3 
2019-05-02  3:24:35  5 6 5 6 3 3 3 3 
2019-05-02  3:25:35  5 5 5 5 3 3 3 3 
2019-05-02  3:26:35  5 6 5 6 3 3 3 3 
2019-05-02  3:27:35  5 5 5 5 3 3 3 3 
2019-05-02  3:28:35  4 5 4 5 3 3 3 3 
2019-05-02  3:29:35  4 5 4 5 3 3 4 4 
2019-05-02  3:30:35  6 6 6 6 3 3 3 3 
2019-05-02  3:31:35  5 6 5 6 3 3 3 3 
2019-05-02  3:32:35  5 5 5 5 3 3 3 3 
2019-05-02  3:33:35  5 6 5 6 3 3 3 3 
2019-05-02  3:34:35  5 5 5 5 3 3 3 3 
2019-05-02  3:35:35  5 7 5 7 3 3 3 3 
2019-05-02  3:36:35  5 6 5 6 3 3 3 3 
2019-05-02  3:37:35  5 5 5 5 3 3 3 3 
2019-05-02  3:38:35  4 4 4 4 3 3 3 3 
2019-05-02  3:39:35  4 5 4 5 3 3 4 4 
2019-05-02  3:40:35  4 5 4 5 3 3 3 3 
2019-05-02  3:41:35  5 5 5 5 3 3 3 3 
2019-05-02  3:42:35  4 5 4 5 3 3 4 4 
2019-05-02  3:43:35  4 5 4 5 3 3 3 3 
2019-05-02  3:44:35  4 6 4 6 3 3 3 3 
2019-05-02  3:45:35  4 4 4 4 3 3 3 3 
2019-05-02  3:46:35  3 5 3 5 3 3 3 3 
2019-05-02  3:47:35  5 6 5 6 3 3 4 4 
2019-05-02  3:48:35  4 5 4 5 3 3 3 3 
2019-05-02  3:49:39  3 4 3 4 3 3 3 3 
2019-05-02  3:50:35  5 6 5 6 3 3 3 3 
2019-05-02  3:51:35  4 4 4 4 3 3 3 3 
2019-05-02  3:52:35  5 6 5 6 3 3 3 3 
2019-05-02  3:53:47  4 5 4 5 3 3 3 3 
2019-05-02  3:54:35  4 4 4 4 3 3 3 3 
2019-05-02  3:55:34  5 5 5 5 3 3 3 3 
2019-05-02  3:56:34  6 7 6 7 3 3 3 3 
2019-05-02  3:57:35  4 6 4 6 3 3 3 3 
2019-05-02  3:58:35  5 5 5 5 3 3 3 3 
2019-05-02  3:59:35  5 5 5 5 3 3 3 3 
2019-05-02  4:00:35  4 4 4 4 3 3 3 3 
2019-05-02  4:01:35  4 5 4 5 3 3 3 3 
2019-05-02  4:02:35  4 4 4 4 3 3 3 3 
2019-05-02  4:03:35  5 6 5 6 3 3 4 4 
2019-05-02  4:04:38  5 5 5 5 3 3 3 3 
2019-05-02  4:05:34  4 5 4 5 3 3 3 3 
2019-05-02  4:06:34  5 6 5 6 3 3 4 4 
2019-05-02  4:07:34  5 5 5 5 3 3 3 3 
2019-05-02  4:08:34  5 5 5 5 3 3 3 3 
2019-05-02  4:09:34  4 4 4 4 3 3 4 4 
2019-05-02  4:10:34  5 5 5 5 3 3 3 3 
2019-05-02  4:11:34  4 5 4 5 3 3 3 3 
2019-05-02  4:12:35  3 3 3 3 3 3 3 3 
2019-05-02  4:13:35  4 5 4 5 3 3 3 3 
2019-05-02  4:14:35  5 5 5 5 3 3 3 3 
2019-05-02  4:15:34  5 6 5 6 3 3 3 3 
2019-05-02  4:16:34  4 4 4 4 3 3 3 3 
2019-05-02  4:17:34  4 5 4 5 3 3 3 3 
2019-05-02  4:18:34  5 5 5 5 3 3 3 3 
2019-05-02  4:19:34  6 6 6 6 3 3 3 3 
2019-05-02  4:20:34  4 6 4 6 3 3 3 3 
2019-05-02  4:21:34  4 4 4 4 3 3 3 3 
2019-05-02  4:22:34  4 4 4 4 3 3 3 3 
2019-05-02  4:23:34  4 4 4 4 3 3 3 3 
2019-05-02  4:24:34  3 3 3 3 3 3 4 4 
2019-05-02  4:25:34  5 6 5 6 3 3 3 3 
2019-05-02  4:26:34  4 4 4 4 3 3 3 3 
2019-05-02  4:27:34  5 5 5 5 3 3 3 3 
2019-05-02  4:28:34  4 5 4 5 3 3 3 3 
2019-05-02  4:29:34  5 5 5 5 3 3 3 3 
2019-05-02  4:30:34  4 4 4 4 3 3 3 3 
2019-05-02  4:31:34  5 5 5 5 3 3 3 3 
2019-05-02  4:32:34  3 4 3 4 3 3 3 3 
2019-05-02  4:33:34  5 6 5 6 3 3 3 3 
2019-05-02  4:34:39  4 4 4 4 3 3 3 3 
2019-05-02  4:35:34  4 4 4 4 3 3 3 3 
2019-05-02  4:36:34  5 5 5 5 3 3 3 3 
2019-05-02  4:37:34  4 6 4 6 3 3 3 3 
2019-05-02  4:38:34  6 6 6 6 3 3 4 4 
2019-05-02  4:39:34  4 4 4 4 3 3 3 3 
2019-05-02  4:40:34  5 5 5 5 3 3 3 3 
2019-05-02  4:41:34  4 4 4 4 3 3 3 3 
2019-05-02  4:42:34  5 5 5 5 3 3 3 3 
2019-05-02  4:43:34  5 5 5 5 3 3 3 3 
2019-05-02  4:44:34  5 5 5 5 3 3 3 3 
2019-05-02  4:45:34  5 5 5 5 3 3 3 3 
2019-05-02  4:46:34  4 4 4 4 3 3 3 3 
2019-05-02  4:47:34  5 5 5 5 3 3 3 3 
2019-05-02  4:48:34  4 4 4 4 3 3 3 3 
2019-05-02  4:49:34  4 5 4 5 3 3 3 3 
2019-05-02  4:50:34  4 5 4 5 3 3 3 3 
2019-05-02  4:51:34  4 5 4 5 3 3 3 3 
2019-05-02  4:52:34  5 6 5 6 3 3 4 4 
2019-05-02  4:53:34  4 5 4 5 3 3 3 3 
2019-05-02  4:54:34  4 5 4 5 3 3 4 4 
2019-05-02  4:55:34  3 4 3 4 3 3 3 3 
2019-05-02  4:56:34  4 5 4 5 3 3 3 3 
2019-05-02  4:57:34  4 4 4 4 3 3 3 3 
2019-05-02  4:58:34  4 4 4 4 3 3 3 3 
2019-05-02  4:59:34  6 10 6 10 3 3 3 3 
2019-05-02  5:00:34  4 5 4 5 3 3 3 3 
2019-05-02  5:01:34  5 5 5 5 3 3 3 3 
2019-05-02  5:02:34  5 6 5 6 3 3 3 3 
2019-05-02  5:03:34  5 5 5 5 3 3 3 3 
2019-05-02  5:04:34  4 5 4 5 3 3 3 3 
2019-05-02  5:05:34  4 4 4 4 3 3 3 3 
2019-05-02  5:06:34  6 6 6 6 3 3 3 3 
2019-05-02  5:07:34  4 4 4 4 3 3 3 3 
2019-05-02  5:08:34  5 6 5 6 3 3 3 3 
2019-05-02  5:09:34  4 4 4 4 3 3 4 4 
2019-05-02  5:10:34  4 4 4 4 3 3 3 3 
2019-05-02  5:11:34  5 6 5 6 3 3 3 3 
2019-05-02  5:12:34  4 5 4 5 3 3 3 3 
2019-05-02  5:13:34  4 4 4 4 3 3 3 3 
2019-05-02  5:14:34  3 4 3 4 3 3 3 3 
2019-05-02  5:15:34  5 5 5 5 3 3 3 3 
2019-05-02  5:16:34  5 5 5 5 3 3 3 3 
2019-05-02  5:17:34  4 4 4 4 3 3 3 3 
2019-05-02  5:18:38  4 6 4 6 3 3 3 3 
2019-05-02  5:19:34  5 6 5 6 3 3 3 3 
2019-05-02  5:20:34  5 5 5 5 3 3 3 3 
2019-05-02  5:21:34  4 4 4 4 3 3 3 3 
2019-05-02  5:22:34  4 4 4 4 3 3 3 3 
2019-05-02  5:23:34  5 5 5 5 3 3 3 3 
2019-05-02  5:24:34  4 5 4 5 3 3 4 4 
2019-05-02  5:25:34  4 4 4 4 3 3 3 3 
2019-05-02  5:26:34  4 4 4 4 3 3 3 3 
2019-05-02  5:27:34  5 5 5 5 3 3 3 3 
2019-05-02  5:28:34  4 4 4 4 3 3 3 3 
2019-05-02  5:29:34  4 4 4 4 3 3 3 3 
2019-05-02  5:30:34  4 4 4 4 3 3 3 3 
2019-05-02  5:31:34  4 5 4 5 3 3 3 3 
2019-05-02  5:32:34  5 5 5 5 3 3 4 4 
2019-05-02  5:33:34  5 6 5 6 3 3 3 3 
2019-05-02  5:34:34  5 5 5 5 3 3 3 3 
2019-05-02  5:35:34  5 5 5 5 3 3 4 4 
2019-05-02  5:36:34  4 5 4 5 3 3 3 3 
2019-05-02  5:37:34  4 5 4 5 3 3 3 3 
2019-05-02  5:38:34  5 5 5 5 3 3 3 3 
2019-05-02  5:39:34  5 5 5 5 3 3 3 3 
2019-05-02  5:40:34  4 5 4 5 3 3 3 3 
2019-05-02  5:41:34  5 5 5 5 3 3 3 3 
2019-05-02  5:42:34  6 7 6 7 3 3 3 3 
2019-05-02  5:43:34  4 5 4 5 3 3 3 3 
2019-05-02  5:44:34  4 6 4 6 3 3 3 3 
2019-05-02  5:45:34  5 5 5 5 3 3 3 3 
2019-05-02  5:46:34  4 4 4 4 3 3 3 3 
2019-05-02  5:47:34  4 4 4 4 3 3 3 3 
2019-05-02  5:48:34  4 5 4 5 3 3 3 3 
2019-05-02  5:49:34  4 5 4 5 3 3 3 3 
2019-05-02  5:50:34  4 5 4 5 3 3 3 3 
2019-05-02  5:51:34  4 4 4 4 3 3 3 3 
2019-05-02  5:52:34  4 4 4 4 3 3 3 3 
2019-05-02  5:53:34  4 4 4 4 3 3 3 3 
2019-05-02  5:54:34  5 6 5 6 3 3 3 3 
2019-05-02  5:55:34  4 5 4 5 3 3 3 3 
2019-05-02  5:56:34  4 6 4 6 3 3 3 3 
2019-05-02  5:57:34  5 5 5 5 3 3 3 3 
2019-05-02  5:58:34  4 4 4 4 3 3 3 3 
2019-05-02  5:59:34  4 5 4 5 3 3 3 3 
2019-05-02  6:00:34  5 5 5 5 3 3 3 3 
2019-05-02  6:01:34  5 5 5 5 3 3 3 3 
2019-05-02  6:02:34  4 4 4 4 3 3 4 4 
2019-05-02  6:03:38  5 5 5 5 3 3 3 3 
2019-05-02  6:04:38  4 4 4 4 3 3 3 3 
2019-05-02  6:05:34  4 5 4 5 3 3 3 3 
2019-05-02  6:06:34  5 6 5 6 3 3 3 3 
2019-05-02  6:07:34  4 5 4 5 3 3 3 3 
2019-05-02  6:08:34  5 5 5 5 3 3 3 3 
2019-05-02  6:09:34  5 6 5 6 3 3 3 3 
2019-05-02  6:10:34  5 5 5 5 3 3 3 3 
2019-05-02  6:11:34  3 3 3 3 3 3 3 3 
2019-05-02  6:12:34  4 4 4 4 3 3 3 3 
2019-05-02  6:13:34  4 5 4 5 3 3 3 3 
2019-05-02  6:14:34  4 5 4 5 3 3 3 3 
2019-05-02  6:15:34  5 5 5 5 3 3 3 3 
2019-05-02  6:16:34  4 6 4 6 3 3 3 3 
2019-05-02  6:17:34  5 5 5 5 3 3 3 3 
2019-05-02  6:18:34  4 4 4 4 3 3 3 3 
2019-05-02  6:19:34  5 6 5 6 3 3 3 3 
2019-05-02  6:20:34  4 4 4 4 3 3 3 3 
2019-05-02  6:21:34  4 4 4 4 3 3 3 3 
2019-05-02  6:22:34  5 6 5 6 3 3 3 3 
2019-05-02  6:23:34  4 4 4 4 3 3 3 3 
2019-05-02  6:24:34  5 5 5 5 3 3 3 3 
2019-05-02  6:25:34  4 4 4 4 3 3 4 4 
2019-05-02  6:26:34  4 4 4 4 3 3 4 4 
2019-05-02  6:27:34  4 5 4 5 3 3 3 3 
2019-05-02  6:28:34  4 4 4 4 3 3 3 3 
2019-05-02  6:29:34  5 5 5 5 3 3 3 3 
2019-05-02  6:30:34  4 4 4 4 3 3 3 3 
2019-05-02  6:31:34  4 4 4 4 3 3 3 3 
2019-05-02  6:32:34  5 5 5 5 3 3 3 3 
2019-05-02  6:33:34  5 6 5 6 3 3 3 3 
2019-05-02  6:34:34  4 4 4 4 3 3 3 3 
2019-05-02  6:35:34  5 6 5 6 3 3 3 3 
2019-05-02  6:36:34  4 4 4 4 3 3 3 3 
2019-05-02  6:37:34  4 5 4 5 3 3 3 3 
2019-05-02  6:38:34  4 4 4 4 3 3 3 3 
2019-05-02  6:39:34  5 11 5 11 3 3 3 3 
2019-05-02  6:40:34  5 5 5 5 3 3 3 3 
2019-05-02  6:41:34  4 4 4 4 3 3 3 3 
2019-05-02  6:42:34  3 5 3 5 3 3 3 3 
2019-05-02  6:43:34  5 5 5 5 2 2 3 3 
2019-05-02  6:44:34  4 4 4 4 2 2 3 3 
2019-05-02  6:45:34  5 6 5 6 3 3 3 3 
2019-05-02  6:46:34  3 4 3 4 3 3 3 3 
2019-05-02  6:47:34  5 5 5 5 2 2 3 3 
2019-05-02  6:48:34  3 3 3 3 2 2 3 3 
2019-05-02  6:49:34  5 5 5 5 2 2 3 3 
2019-05-02  6:50:34  4 4 4 4 2 2 3 3 
2019-05-02  6:51:34  3 3 3 3 2 2 3 3 
2019-05-02  6:52:34  4 5 4 5 2 2 3 3 
2019-05-02  6:53:34  5 6 5 6 2 2 3 3 
2019-05-02  6:54:34  3 3 3 3 2 2 3 3 
2019-05-02  6:55:34  6 6 6 6 2 2 3 3 
2019-05-02  6:56:34  3 3 3 3 2 2 3 3 
2019-05-02  6:57:34  3 3 3 3 2 2 2 2 
2019-05-02  6:58:34  4 4 4 4 2 2 3 3 
2019-05-02  6:59:34  3 5 3 5 2 2 2 2 
2019-05-02  7:00:34  4 4 4 4 2 2 2 2 
2019-05-02  7:01:34  4 5 4 5 2 2 3 3 
2019-05-02  7:02:34  3 3 3 3 2 2 2 2 
2019-05-02  7:03:34  3 3 3 3 2 2 2 2 
2019-05-02  7:04:34  3 3 3 3 2 2 2 2 
2019-05-02  7:05:34  3 4 3 4 2 2 2 2 
2019-05-02  7:06:34  4 4 4 4 2 2 2 2 
2019-05-02  7:07:34  3 3 3 3 2 2 2 2 
2019-05-02  7:08:34  3 4 3 4 2 2 2 2 
2019-05-02  7:09:34  3 4 3 4 2 2 2 2 
2019-05-02  7:10:34  4 5 4 5 2 2 2 2 
2019-05-02  7:11:34  3 5 3 5 2 2 2 2 
2019-05-02  7:12:34  3 3 3 3 2 2 2 2 
2019-05-02  7:13:34  2 2 2 2 2 2 2 2 
2019-05-02  7:14:34  3 3 3 3 2 2 2 2 
2019-05-02  7:15:34  3 3 3 3 2 2 2 2 
2019-05-02  7:16:34  3 4 3 4 2 2 2 2 
2019-05-02  7:17:34  3 3 3 3 2 2 2 2 
2019-05-02  7:18:34  3 3 3 3 2 2 2 2 
2019-05-02  7:19:34  2 4 2 4 2 2 2 2 
2019-05-02  7:20:34  3 4 3 4 2 2 2 2 
2019-05-02  7:21:34  3 4 3 4 2 2 2 2 
2019-05-02  7:22:34  2 3 2 3 2 2 2 2 
2019-05-02  7:23:34  3 4 3 4 2 2 2 2 
2019-05-02  7:24:34  4 4 4 4 2 2 2 2 
2019-05-02  7:25:34  3 4 3 4 2 2 2 2 
2019-05-02  7:26:34  4 5 4 5 2 2 2 2 
2019-05-02  7:27:34  2 2 2 2 2 2 2 2 
2019-05-02  7:28:34  3 3 3 3 2 2 2 2 
2019-05-02  7:29:34  2 2 2 2 2 2 2 2 
2019-05-02  7:30:34  3 4 3 4 2 2 2 2 
2019-05-02  7:31:34  2 2 2 2 2 2 2 2 
2019-05-02  7:32:34  2 3 2 3 2 2 2 2 
2019-05-02  7:33:34  3 3 3 3 2 2 2 2 
2019-05-02  7:34:34  3 3 3 3 2 2 2 2 
2019-05-02  7:35:34  3 3 3 3 2 2 2 2 
2019-05-02  7:36:34  2 3 2 3 2 2 2 2 
2019-05-02  7:37:34  3 3 3 3 2 2 2 2 
2019-05-02  7:38:34  3 3 3 3 2 2 2 2 
2019-05-02  7:39:34  3 4 3 4 2 2 2 2 
2019-05-02  7:40:34  3 3 3 3 2 2 2 2 
2019-05-02  7:41:34  3 3 3 3 2 2 2 2 
2019-05-02  7:42:34  3 4 3 4 2 2 2 2 
2019-05-02  7:43:34  3 4 3 4 2 2 2 2 
2019-05-02  7:44:34  2 3 2 3 2 2 2 2 
2019-05-02  7:45:34  2 3 2 3 2 2 2 2 
2019-05-02  7:46:34  2 3 2 3 2 2 2 2 
2019-05-02  7:47:34  2 3 2 3 2 2 2 2 
2019-05-02  7:48:34  2 2 2 2 2 2 2 2 
2019-05-02  7:49:34  3 4 3 4 2 2 2 2 
2019-05-02  7:50:34  3 3 3 3 2 2 2 2 
2019-05-02  7:51:34  2 2 2 2 1 1 2 2 
2019-05-02  7:52:34  2 3 2 3 2 2 2 2 
2019-05-02  7:53:34  1 3 1 3 1 1 2 2 
2019-05-02  7:54:34  2 2 2 2 2 2 2 2 
2019-05-02  7:55:34  1 1 1 1 2 2 2 2 
2019-05-02  7:56:34  2 2 2 2 2 2 2 2 
2019-05-02  7:57:34  2 3 2 3 2 2 2 2 
2019-05-02  7:58:34  3 3 3 3 2 2 2 2 
2019-05-02  7:59:34  3 4 3 4 1 1 2 2 
2019-05-02  8:00:37  2 3 2 3 1 1 2 2 
2019-05-02  8:01:34  2 2 2 2 1 1 2 2 
2019-05-02  8:02:34  2 2 2 2 1 1 2 2 
2019-05-02  8:03:34  2 2 2 2 1 1 1 1 
2019-05-02  8:04:34  2 2 2 2 1 1 2 2 
2019-05-02  8:05:34  2 2 2 2 1 1 2 2 
2019-05-02  8:06:34  2 2 2 2 1 1 1 1 
2019-05-02  8:07:34  2 2 2 2 1 1 2 2 
2019-05-02  8:08:34  2 2 2 2 1 1 2 2 
2019-05-02  8:09:34  2 2 2 2 1 1 2 2 
2019-05-02  8:10:34  1 2 1 2 1 1 1 1 
2019-05-02  8:11:34  3 3 3 3 1 1 1 1 
2019-05-02  8:12:34  3 3 3 3 1 1 2 2 
2019-05-02  8:13:34  1 1 1 1 1 1 1 1 
2019-05-02  8:14:34  2 3 2 3 1 1 1 1 
2019-05-02  8:15:34  2 2 2 2 1 1 1 1 
2019-05-02  8:16:34  2 2 2 2 1 1 1 1 
2019-05-02  8:17:34  1 2 1 2 1 1 1 1 
2019-05-02  8:18:34  2 3 2 3 1 1 1 1 
2019-05-02  8:19:34  2 3 2 3 1 1 1 1 
2019-05-02  8:20:34  1 1 1 1 1 1 1 1 
2019-05-02  8:21:34  2 2 2 2 1 1 1 1 
2019-05-02  8:22:34  2 2 2 2 1 1 1 1 
2019-05-02  8:23:34  2 2 2 2 1 1 1 1 
2019-05-02  8:24:34  2 2 2 2 1 1 1 1 
2019-05-02  8:25:34  2 3 2 3 1 1 1 1 
2019-05-02  8:26:34  2 2 2 2 1 1 1 1 
2019-05-02  8:27:34  1 2 1 2 1 1 1 1 
2019-05-02  8:28:34  2 4 2 4 1 1 1 1 
2019-05-02  8:29:34  1 1 1 1 1 1 1 1 
2019-05-02  8:30:34  2 2 2 2 1 1 1 1 
2019-05-02  8:31:34  2 2 2 2 1 1 1 1 
2019-05-02  8:32:34  1 2 1 2 1 1 1 1 
2019-05-02  8:33:34  2 2 2 2 1 1 1 1 
2019-05-02  8:34:34  2 2 2 2 1 1 1 1 
2019-05-02  8:35:34  1 1 1 1 1 1 1 1 
2019-05-02  8:36:34  1 1 1 1 1 1 1 1 
2019-05-02  8:37:34  1 1 1 1 1 1 1 1 
2019-05-02  8:38:34  1 1 1 1 1 1 1 1 
2019-05-02  8:39:34  2 2 2 2 1 1 1 1 
2019-05-02  8:40:34  1 2 1 2 1 1 1 1 
2019-05-02  8:41:34  1 2 1 2 1 1 1 1 
2019-05-02  8:42:34  1 2 1 2 1 1 1 1 
2019-05-02  8:43:34  1 1 1 1 1 1 1 1 
2019-05-02  8:44:37  2 2 2 2 1 1 1 1 
2019-05-02  8:45:34  1 1 1 1 1 1 1 1 
2019-05-02  8:46:34  1 1 1 1 1 1 1 1 
2019-05-02  8:47:34  1 1 1 1 1 1 1 1 
2019-05-02  8:48:34  0 0 0 0 1 1 1 1 
2019-05-02  8:49:34  1 1 1 1 1 1 1 1 
2019-05-02  8:50:34  1 1 1 1 1 1 1 1 
2019-05-02  8:51:34  1 2 1 2 1 1 1 1 
2019-05-02  8:52:34  1 2 1 2 1 1 1 1 
2019-05-02  8:53:34  1 1 1 1 1 1 1 1 
2019-05-02  8:54:34  1 1 1 1 1 1 1 1 
2019-05-02  8:55:34  1 2 1 2 1 1 1 1 
2019-05-02  8:56:34  1 1 1 1 1 1 1 1 
2019-05-02  8:57:34  1 1 1 1 0 0 1 1 
2019-05-02  8:58:34  1 1 1 1 0 0 1 1 
2019-05-02  8:59:34  1 1 1 1 1 1 1 1 
2019-05-02  9:00:34  1 2 1 2 1 1 1 1 
2019-05-02  9:01:34  0 0 0 0 1 1 1 1 
2019-05-02  9:02:34  1 1 1 1 1 1 1 1 
2019-05-02  9:03:34  1 1 1 1 1 1 1 1 
2019-05-02  9:04:34  1 1 1 1 1 1 1 1 
2019-05-02  9:05:34  1 1 1 1 0 0 1 1 
2019-05-02  9:06:34  0 0 0 0 0 0 1 1 
2019-05-02  9:07:34  1 1 1 1 1 1 1 1 
2019-05-02  9:08:34  1 1 1 1 0 0 1 1 
2019-05-02  9:09:34  1 1 1 1 1 1 1 1 
2019-05-02  9:10:34  1 1 1 1 0 0 1 1 
2019-05-02  9:11:34  1 1 1 1 0 0 1 1 
2019-05-02  9:12:34  1 1 1 1 0 0 0 0 
2019-05-02  9:13:34  0 1 0 1 0 0 0 0 
2019-05-02  9:14:34  1 1 1 1 0 0 1 1 
2019-05-02  9:15:34  0 0 0 0 0 0 0 0 
2019-05-02  9:16:34  1 1 1 1 0 0 0 0 
2019-05-02  9:17:34  0 0 0 0 0 0 0 0 
2019-05-02  9:18:34  1 1 1 1 0 0 0 0 
2019-05-02  9:19:34  1 2 1 2 0 0 0 0 
2019-05-02  9:20:34  0 0 0 0 0 0 0 0 
2019-05-02  9:21:34  0 1 0 1 0 0 0 0 
2019-05-02  9:22:37  0 0 0 0 0 0 0 0 
2019-05-02  9:23:34  0 1 0 1 0 0 0 0 
2019-05-02  9:24:38  0 0 0 0 0 0 0 0 
2019-05-02  9:25:37  0 0 0 0 0 0 0 0 
2019-05-02  9:26:34  0 1 0 1 0 0 0 0 
2019-05-02  9:27:34  0 0 0 0 0 0 0 0 
2019-05-02  9:28:34  0 0 0 0 0 0 0 0 
2019-05-02  9:29:34  1 1 1 1 0 0 0 0 
2019-05-02  9:30:34  0 0 0 0 0 0 0 0 
2019-05-02  9:31:33  0 0 0 0 0 0 0 0 
