
AQ recorded in my office (indoor) in Electrum.
Dustbins (Number of particles) from PMS5003 PM sensor (first 6 DB) and
 from PM2105 PM sensors(last 6 DB)

Sizes DB = {300 500 1000 2500 5000 10000] nm

Normal day I.

2019-04-08 11:32:20  270 79 3 0 0 0 217 76 4 1 0 0 
2019-04-08 11:33:20  534 154 10 0 0 0 216 67 3 1 0 0 
2019-04-08 11:34:20  438 121 4 1 1 0 215 71 5 1 0 0 
2019-04-08 11:35:20  525 147 7 0 0 0 231 79 3 0 0 0 
2019-04-08 11:36:23  357 107 9 1 1 0 224 74 6 2 0 0 
2019-04-08 11:37:20  354 105 7 1 0 0 215 74 5 2 0 0 
2019-04-08 11:38:20  474 134 11 1 0 0 242 80 4 0 0 0 
2019-04-08 11:39:20  396 116 7 1 0 0 223 72 5 1 0 0 
2019-04-08 11:40:23  318 86 8 0 0 0 224 74 1 0 0 0 
2019-04-08 11:41:20  348 102 8 0 0 0 238 75 3 0 0 0 

Sahara sand?

2019-04-25 15:58:21  5943 1734 167 7 5 2 3911 1352 40 8 3 0 
2019-04-25 15:59:07  5913 1730 180 8 4 1 3765 1346 44 5 3 0 
2019-04-25 16:00:07  6450 1914 202 7 3 0 3862 1378 42 6 3 0 
2019-04-25 16:01:11  6414 1907 205 11 2 0 3669 1276 51 8 4 0 
2019-04-25 16:02:07  5778 1716 182 8 4 0 3617 1266 40 6 3 0 
2019-04-25 16:03:07  6291 1842 187 17 9 1 3706 1303 40 5 3 0 
2019-04-25 16:04:07  6360 1899 191 12 5 0 3649 1250 37 4 3 0 
2019-04-25 16:05:07  6342 1888 208 13 3 0 3572 1283 50 8 4 0 
2019-04-25 16:06:14  6375 1889 197 9 2 0 3821 1323 38 5 3 0 
2019-04-25 16:07:07  6117 1775 172 7 3 0 3860 1324 34 9 2 0 
2019-04-25 16:08:07  6168 1826 226 15 6 0 3575 1266 47 6 3 0 
2019-04-25 16:09:07  5922 1735 183 9 2 0 3773 1332 38 4 3 0 
2019-04-25 16:10:07  6564 1943 230 17 6 0 3662 1240 35 4 2 0 
2019-04-25 16:11:07  5910 1725 210 8 3 0 3713 1311 39 3 3 0 
2019-04-25 16:12:11  5922 1749 168 17 6 1 3867 1315 40 4 3 0 
2019-04-25 16:13:07  6531 1902 221 10 6 2 3853 1383 52 8 4 0 
2019-04-25 16:14:07  6117 1804 194 11 4 1 3772 1314 43 4 3 0 
2019-04-25 16:15:18  6189 1783 184 11 2 0 3597 1223 50 3 3 0 
2019-04-25 16:16:17  6033 1779 190 12 4 2 3694 1268 40 5 3 0 
2019-04-25 16:17:21  5883 1763 177 6 3 1 3510 1249 46 6 3 0 
2019-04-25 16:18:07  6069 1762 158 11 7 0 3667 1274 35 2 2 0 
2019-04-25 16:19:20  6255 1819 203 18 7 1 3676 1274 40 5 3 0 
2019-04-25 16:20:07  5883 1743 185 17 9 1 3615 1243 39 7 3 0 
2019-04-25 16:21:07  6036 1764 192 10 3 0 3713 1234 39 5 3 0 
2019-04-25 16:22:11  5916 1742 185 13 9 2 3629 1282 32 3 2 0 
2019-04-25 16:23:15  6135 1793 207 22 7 0 3716 1283 33 4 2 0 
2019-04-25 16:24:15  5526 1632 173 12 3 0 3691 1304 42 7 3 0 
2019-04-25 16:25:07  5847 1686 137 12 7 2 3655 1242 34 3 2 0 
2019-04-25 16:26:07  6144 1786 213 12 2 0 3654 1265 39 6 3 0 
2019-04-25 16:27:07  5910 1721 192 21 12 0 3599 1242 38 8 3 0 
2019-04-25 16:28:07  6192 1819 245 16 7 2 3568 1205 34 5 2 0 
2019-04-25 16:29:07  5949 1743 203 22 8 2 3569 1287 40 4 3 0 
2019-04-25 16:30:10  5616 1636 183 6 5 0 3541 1214 38 3 3 0 
2019-04-25 16:31:07  6090 1768 161 11 4 2 3501 1197 42 10 3 1 
2019-04-25 16:32:07  5571 1639 193 13 6 0 3539 1254 33 3 2 0 
2019-04-25 16:33:07  5838 1674 170 12 4 3 3515 1205 31 5 2 0 
2019-04-25 16:34:07  5856 1688 189 11 6 0 3521 1236 41 4 3 0 
2019-04-25 16:35:36  5886 1744 187 11 5 0 3581 1176 33 5 2 0 
2019-04-25 16:36:10  5739 1703 188 11 8 0 3664 1213 34 3 2 0 
2019-04-25 16:37:07  5892 1747 178 8 5 1 3603 1221 38 3 3 0 
2019-04-25 16:38:07  6108 1799 188 14 8 0 3472 1206 36 3 3 0 
2019-04-25 16:39:07  5574 1624 163 11 5 0 3476 1214 41 7 3 0 
2019-04-25 16:40:11  5517 1660 173 13 4 1 3470 1207 40 6 3 0 
2019-04-25 16:41:07  5616 1671 182 15 9 1 3475 1232 41 4 3 0 
2019-04-25 16:42:07  5487 1610 163 9 2 0 3573 1237 37 4 3 0 
2019-04-25 16:43:07  5241 1553 152 7 4 0 3611 1225 33 3 2 0 
2019-04-25 16:44:07  5847 1758 153 9 4 0 3433 1179 30 6 2 0 
2019-04-25 16:45:11  5397 1569 163 14 3 0 3459 1160 42 4 3 0 
2019-04-25 16:46:07  5634 1624 168 6 1 0 3475 1238 35 4 2 0 
2019-04-25 16:47:07  5004 1457 167 6 2 0 3400 1165 33 5 2 0 
2019-04-25 16:48:11  5262 1544 174 5 3 0 3398 1156 36 5 3 0 
2019-04-25 16:49:07  5280 1532 161 15 5 0 3319 1128 38 4 3 0 
2019-04-25 16:50:10  5424 1630 213 8 5 0 3254 1124 34 4 2 0 
2019-04-25 16:51:07  5412 1549 146 13 7 0 3338 1096 29 4 2 0 
2019-04-25 16:52:11  5007 1477 151 14 3 0 3148 1114 40 2 2 0 
2019-04-25 16:53:30  5106 1495 134 12 1 0 3120 1060 26 3 2 0 
2019-04-25 16:54:07  5250 1536 162 12 1 0 2808 987 33 7 2 0 
2019-04-25 16:55:22  5175 1512 186 15 10 0 2893 1008 39 6 3 0 
2019-04-25 16:56:17  5202 1530 154 5 1 0 3009 1053 29 6 2 0 
2019-04-25 16:57:18  5136 1511 137 6 2 0 3025 1049 33 4 2 0 
2019-04-25 16:59:13  4863 1427 155 9 8 1 2976 965 33 7 2 0 
2019-04-25 17:00:59  4914 1441 159 16 7 1 2855 984 31 3 2 0 
2019-04-25 17:02:36  4788 1399 150 11 4 1 2861 980 35 4 2 0 


Normal day after II. (Still effects?)

2019-04-30 10:41:45  678 205 25 1 0 0 333 112 4 0 0 0 
2019-04-30 10:42:42  534 160 14 0 0 0 348 103 6 2 0 0 
2019-04-30 10:43:42  555 158 17 0 0 0 353 113 5 1 0 0 
2019-04-30 10:44:42  534 156 12 2 0 0 321 107 4 1 0 0 
2019-04-30 10:45:42  519 155 13 2 0 0 316 101 3 0 0 0 
2019-04-30 10:46:55  585 165 15 1 1 0 335 117 4 0 0 0 
2019-04-30 10:47:46  645 177 13 0 0 0 348 111 4 1 0 0 
2019-04-30 10:48:42  489 154 8 0 0 0 367 122 4 1 0 0 
2019-04-30 10:49:42  567 172 16 2 1 0 332 107 5 1 0 0 
2019-04-30 10:50:46  573 170 17 4 0 0 326 102 1 0 0 0 
2019-04-30 10:51:46  585 175 13 0 0 0 328 122 4 1 0 0 
2019-04-30 10:52:45  612 181 14 1 0 0 343 104 4 0 0 0 
2019-04-30 10:53:42  597 186 17 1 1 0 356 110 3 0 0 0 
2019-04-30 10:54:46  486 135 10 1 1 0 350 118 4 1 0 0 
2019-04-30 10:55:42  603 171 11 1 0 0 356 111 3 1 0 0 
2019-04-30 10:56:42  552 169 18 1 1 0 340 120 4 1 0 0 
2019-04-30 10:58:14  561 160 13 1 0 0 392 134 4 0 0 0 
2019-04-30 10:58:44  549 156 7 0 0 0 392 134 4 0 0 0 
2019-04-30 10:59:46  609 182 16 2 0 0 363 119 5 1 0 0 
2019-04-30 11:00:49  609 188 14 1 0 0 370 129 4 0 0 0 
2019-04-30 11:02:09  654 193 12 0 0 0 351 126 5 0 0 0 
2019-04-30 11:02:46  627 187 12 1 0 0 351 126 5 0 0 0 
2019-04-30 11:03:54  666 184 20 2 0 0 375 131 7 1 0 0 
2019-04-30 11:04:42  678 197 21 1 1 0 383 130 4 1 0 0 
2019-04-30 11:05:42  660 204 13 1 1 0 376 117 6 1 0 0 
2019-04-30 11:06:46  642 191 17 0 0 0 395 130 3 0 0 0 
2019-04-30 11:07:58  600 170 13 2 0 0 371 128 4 1 0 0 
2019-04-30 11:08:46  759 225 14 1 0 0 371 128 4 1 0 0 
2019-04-30 11:09:42  510 148 12 1 0 0 374 120 4 2 0 0 
2019-04-30 11:10:45  657 190 15 2 1 0 360 117 4 2 0 0 
2019-04-30 11:11:46  735 210 8 1 1 0 367 126 5 1 0 0 
2019-04-30 11:13:17  633 182 18 2 2 0 363 117 5 2 0 0 
2019-04-30 11:13:47  573 160 12 1 0 0 363 117 5 2 0 0
